288314.130000 5918562.470000
2747.000000 2.000000
2747.000000 220.000000
170.000000 9.725000
170.025000 9.750000
170.050000 9.750000
170.075000 9.775000
170.100000 9.775000
170.125000 9.800000
170.150000 9.800000
170.175000 9.825000
170.200000 9.825000
170.225000 9.825000
170.250000 9.850000
170.275000 9.875000
170.300000 9.875000
170.325000 9.900000
170.350000 9.900000
170.375000 9.925000
170.400000 9.925000
170.425000 9.925000
170.450000 9.950000
170.475000 9.950000
170.500000 9.975000
170.525000 9.975000
170.550000 10.000000
170.575000 10.000000
170.600000 10.025000
170.625000 10.025000
170.650000 10.050000
170.675000 10.050000
170.700000 10.075000
170.725000 10.075000
170.750000 10.100000
170.775000 10.100000
170.800000 10.125000
170.825000 10.125000
170.850000 10.200000
170.875000 10.225000
170.900000 10.225000
170.925000 10.225000
170.950000 10.225000
170.975000 10.275000
171.000000 10.275000
171.025000 10.275000
171.050000 10.325000
171.075000 10.325000
171.100000 10.325000
171.125000 10.325000
171.150000 10.350000
171.175000 10.350000
171.200000 10.375000
171.225000 10.400000
171.250000 10.400000
171.275000 10.400000
171.300000 10.400000
171.325000 10.450000
171.350000 10.450000
171.375000 10.475000
171.400000 10.525000
171.425000 10.550000
171.450000 10.575000
171.475000 10.625000
171.500000 10.625000
171.525000 10.675000
171.550000 10.675000
171.575000 10.725000
171.600000 10.725000
171.625000 10.750000
171.650000 10.775000
171.675000 10.800000
171.700000 10.825000
171.725000 10.825000
171.750000 10.850000
171.775000 10.875000
171.800000 10.925000
171.825000 11.000000
171.850000 11.050000
171.875000 11.100000
171.900000 11.125000
171.925000 11.200000
171.950000 11.225000
171.975000 11.275000
172.000000 11.300000
172.025000 11.325000
172.050000 11.325000
172.075000 11.350000
172.100000 11.375000
172.125000 11.400000
172.150000 11.425000
172.175000 11.450000
172.200000 11.450000
172.225000 11.475000
172.250000 11.475000
172.275000 11.475000
172.300000 11.475000
172.325000 11.500000
172.350000 11.500000
172.375000 11.500000
172.400000 11.500000
172.425000 11.500000
172.450000 11.500000
172.475000 11.500000
172.500000 11.500000
172.525000 11.500000
172.550000 11.500000
172.575000 11.525000
172.600000 11.525000
172.625000 11.525000
172.650000 11.525000
172.675000 11.525000
172.700000 11.525000
172.725000 11.525000
172.750000 11.525000
172.775000 11.525000
172.800000 11.525000
172.825000 11.525000
172.850000 11.525000
172.875000 11.550000
172.900000 11.550000
172.925000 11.550000
172.950000 11.550000
172.975000 11.550000
173.000000 11.550000
173.025000 11.550000
173.050000 11.550000
173.075000 11.550000
173.100000 11.550000
173.125000 11.550000
173.150000 11.550000
173.175000 11.550000
173.200000 11.550000
173.225000 11.550000
173.250000 11.550000
173.275000 11.575000
173.300000 11.575000
173.325000 11.600000
173.350000 11.600000
173.375000 11.600000
173.400000 11.650000
173.425000 11.650000
173.450000 11.650000
173.475000 11.650000
173.500000 11.675000
173.525000 11.675000
173.550000 11.675000
173.575000 11.675000
173.600000 11.700000
173.625000 11.725000
173.650000 11.725000
173.675000 11.725000
173.700000 11.750000
173.725000 11.775000
173.750000 11.800000
173.775000 11.800000
173.800000 11.800000
173.825000 11.825000
173.850000 11.850000
173.875000 11.850000
173.900000 11.875000
173.925000 11.900000
173.950000 11.900000
173.975000 11.925000
174.000000 11.925000
174.025000 11.950000
174.050000 11.950000
174.075000 11.975000
174.100000 12.000000
174.125000 12.025000
174.150000 12.025000
174.175000 12.025000
174.200000 12.050000
174.225000 12.050000
174.250000 12.075000
174.275000 12.075000
174.300000 12.100000
174.325000 12.100000
174.350000 12.100000
174.375000 12.125000
174.400000 12.125000
174.425000 12.125000
174.450000 12.150000
174.475000 12.150000
174.500000 12.175000
174.525000 12.175000
174.550000 12.175000
174.575000 12.175000
174.600000 12.175000
174.625000 12.175000
174.650000 12.150000
174.675000 12.150000
174.700000 12.150000
174.725000 12.175000
174.750000 12.200000
174.775000 12.200000
174.800000 12.225000
174.825000 12.250000
174.850000 12.250000
174.875000 12.275000
174.900000 12.300000
174.925000 12.300000
174.950000 12.325000
174.975000 12.325000
175.000000 12.325000
175.025000 12.350000
175.050000 12.375000
175.075000 12.375000
175.100000 12.400000
175.125000 12.400000
175.150000 12.400000
175.175000 12.425000
175.200000 12.425000
175.225000 12.425000
175.250000 12.450000
175.275000 12.450000
175.300000 12.475000
175.325000 12.475000
175.350000 12.475000
175.375000 12.500000
175.400000 12.525000
175.425000 12.525000
175.450000 12.550000
175.475000 12.575000
175.500000 12.575000
175.525000 12.600000
175.550000 12.600000
175.575000 12.625000
175.600000 12.625000
175.625000 12.650000
175.650000 12.675000
175.675000 12.675000
175.700000 12.700000
175.725000 12.700000
175.750000 12.725000
175.775000 12.750000
175.800000 12.750000
175.825000 12.775000
175.850000 12.775000
175.875000 12.800000
175.900000 12.800000
175.925000 12.825000
175.950000 12.825000
175.975000 12.850000
176.000000 12.875000
176.025000 12.900000
176.050000 12.900000
176.075000 12.925000
176.100000 12.950000
176.125000 12.975000
176.150000 13.000000
176.175000 13.025000
176.200000 13.025000
176.225000 13.050000
176.250000 13.075000
176.275000 13.075000
176.300000 13.100000
176.325000 13.100000
176.350000 13.125000
176.375000 13.125000
176.400000 13.150000
176.425000 13.175000
176.450000 13.175000
176.475000 13.200000
176.500000 13.200000
176.525000 13.225000
176.550000 13.225000
176.575000 13.250000
176.600000 13.275000
176.625000 13.275000
176.650000 13.275000
176.675000 13.300000
176.700000 13.300000
176.725000 13.300000
176.750000 13.325000
176.775000 13.350000
176.800000 13.350000
176.825000 13.350000
176.850000 13.375000
176.875000 13.400000
176.900000 13.400000
176.925000 13.425000
176.950000 13.450000
176.975000 13.450000
177.000000 13.475000
177.025000 13.500000
177.050000 13.500000
177.075000 13.525000
177.100000 13.525000
177.125000 13.550000
177.150000 13.575000
177.175000 13.600000
177.200000 13.625000
177.225000 13.650000
177.250000 13.675000
177.275000 13.700000
177.300000 13.700000
177.325000 13.750000
177.350000 13.750000
177.375000 13.800000
177.400000 13.800000
177.425000 13.825000
177.450000 13.850000
177.475000 13.875000
177.500000 13.875000
177.525000 13.900000
177.550000 13.925000
177.575000 13.925000
177.600000 13.950000
177.625000 13.975000
177.650000 14.025000
177.675000 14.025000
177.700000 14.050000
177.725000 14.100000
177.750000 14.100000
177.775000 14.125000
177.800000 14.150000
177.825000 14.150000
177.850000 14.225000
177.875000 14.250000
177.900000 14.300000
177.925000 14.325000
177.950000 14.375000
177.975000 14.375000
178.000000 14.425000
178.025000 14.425000
178.050000 14.450000
178.075000 14.475000
178.100000 14.500000
178.125000 14.500000
178.150000 14.500000
178.175000 14.500000
178.200000 14.500000
178.225000 14.525000
178.250000 14.525000
178.275000 14.525000
178.300000 14.525000
178.325000 14.525000
178.350000 14.550000
178.375000 14.575000
178.400000 14.575000
178.425000 14.575000
178.450000 14.600000
178.475000 14.625000
178.500000 14.650000
178.525000 14.675000
178.550000 14.700000
178.575000 14.725000
178.600000 14.750000
178.625000 14.750000
178.650000 14.775000
178.675000 14.775000
178.700000 14.775000
178.725000 14.800000
178.750000 14.800000
178.775000 14.800000
178.800000 14.800000
178.825000 14.800000
178.850000 14.800000
178.875000 14.800000
178.900000 14.800000
178.925000 14.825000
178.950000 14.825000
178.975000 14.825000
179.000000 14.850000
179.025000 14.875000
179.050000 14.900000
179.075000 14.925000
179.100000 14.950000
179.125000 14.950000
179.150000 14.950000
179.175000 14.950000
179.200000 14.950000
179.225000 14.975000
179.250000 14.975000
179.275000 14.975000
179.300000 15.000000
179.325000 15.000000
179.350000 15.000000
179.375000 15.000000
179.400000 15.025000
179.425000 15.025000
179.450000 15.025000
179.475000 15.025000
179.500000 15.050000
179.525000 15.050000
179.550000 15.050000
179.575000 15.050000
179.600000 15.075000
179.625000 15.075000
179.650000 15.075000
179.675000 15.075000
179.700000 15.100000
179.725000 15.100000
179.750000 15.125000
179.775000 15.125000
179.800000 15.125000
179.825000 15.125000
179.850000 15.150000
179.875000 15.150000
179.900000 15.150000
179.925000 15.175000
179.950000 15.175000
179.975000 15.175000
180.000000 15.175000
180.025000 15.200000
180.050000 15.200000
180.075000 15.225000
180.100000 15.225000
180.125000 15.225000
180.150000 15.250000
180.175000 15.250000
180.200000 15.250000
180.225000 15.275000
180.250000 15.275000
180.275000 15.275000
180.300000 15.300000
180.325000 15.300000
180.350000 15.300000
180.375000 15.300000
180.400000 15.325000
180.425000 15.325000
180.450000 15.325000
180.475000 15.350000
180.500000 15.350000
180.525000 15.350000
180.550000 15.375000
180.575000 15.375000
180.600000 15.375000
180.625000 15.375000
180.650000 15.375000
180.675000 15.400000
180.700000 15.400000
180.725000 15.400000
180.750000 15.400000
180.775000 15.400000
180.800000 15.400000
180.825000 15.400000
180.850000 15.425000
180.875000 15.425000
180.900000 15.425000
180.925000 15.425000
180.950000 15.450000
180.975000 15.450000
181.000000 15.450000
181.025000 15.475000
181.050000 15.475000
181.075000 15.475000
181.100000 15.500000
181.125000 15.500000
181.150000 15.500000
181.175000 15.525000
181.200000 15.525000
181.225000 15.550000
181.250000 15.550000
181.275000 15.550000
181.300000 15.550000
181.325000 15.550000
181.350000 15.575000
181.375000 15.575000
181.400000 15.575000
181.425000 15.575000
181.450000 15.575000
181.475000 15.575000
181.500000 15.600000
181.525000 15.600000
181.550000 15.600000
181.575000 15.625000
181.600000 15.625000
181.625000 15.650000
181.650000 15.650000
181.675000 15.650000
181.700000 15.675000
181.725000 15.675000
181.750000 15.675000
181.775000 15.700000
181.800000 15.700000
181.825000 15.725000
181.850000 15.725000
181.875000 15.725000
181.900000 15.750000
181.925000 15.750000
181.950000 15.750000
181.975000 15.775000
182.000000 15.775000
182.025000 15.800000
182.050000 15.800000
182.075000 15.800000
182.100000 15.825000
182.125000 15.825000
182.150000 15.825000
182.175000 15.850000
182.200000 15.875000
182.225000 15.875000
182.250000 15.875000
182.275000 15.900000
182.300000 15.900000
182.325000 15.900000
182.350000 15.925000
182.375000 15.925000
182.400000 15.950000
182.425000 15.950000
182.450000 15.975000
182.475000 15.975000
182.500000 15.975000
182.525000 16.000000
182.550000 16.000000
182.575000 16.025000
182.600000 16.025000
182.625000 16.050000
182.650000 16.050000
182.675000 16.075000
182.700000 16.075000
182.725000 16.075000
182.750000 16.100000
182.775000 16.100000
182.800000 16.125000
182.825000 16.125000
182.850000 16.150000
182.875000 16.150000
182.900000 16.150000
182.925000 16.175000
182.950000 16.175000
182.975000 16.200000
183.000000 16.200000
183.025000 16.225000
183.050000 16.225000
183.075000 16.250000
183.100000 16.250000
183.125000 16.250000
183.150000 16.275000
183.175000 16.275000
183.200000 16.300000
183.225000 16.300000
183.250000 16.325000
183.275000 16.325000
183.300000 16.325000
183.325000 16.350000
183.350000 16.350000
183.375000 16.375000
183.400000 16.375000
183.425000 16.400000
183.450000 16.400000
183.475000 16.425000
183.500000 16.425000
183.525000 16.450000
183.550000 16.450000
183.575000 16.475000
183.600000 16.475000
183.625000 16.500000
183.650000 16.500000
183.675000 16.525000
183.700000 16.525000
183.725000 16.550000
183.750000 16.550000
183.775000 16.575000
183.800000 16.575000
183.825000 16.600000
183.850000 16.600000
183.875000 16.625000
183.900000 16.625000
183.925000 16.650000
183.950000 16.650000
183.975000 16.675000
184.000000 16.675000
184.025000 16.700000
184.050000 16.700000
184.075000 16.725000
184.100000 16.725000
184.125000 16.750000
184.150000 16.750000
184.175000 16.775000
184.200000 16.775000
184.225000 16.800000
184.250000 16.800000
184.275000 16.800000
184.300000 16.800000
184.325000 16.825000
184.350000 16.825000
184.375000 16.825000
184.400000 16.850000
184.425000 16.850000
184.450000 16.875000
184.475000 16.875000
184.500000 16.875000
184.525000 16.900000
184.550000 16.900000
184.575000 16.925000
184.600000 16.925000
184.625000 16.950000
184.650000 16.950000
184.675000 16.975000
184.700000 16.975000
184.725000 17.000000
184.750000 17.000000
184.775000 17.000000
184.800000 17.025000
184.825000 17.025000
184.850000 17.025000
184.875000 17.050000
184.900000 17.050000
184.925000 17.050000
184.950000 17.075000
184.975000 17.075000
185.000000 17.075000
185.025000 17.100000
185.050000 17.125000
185.075000 17.125000
185.100000 17.125000
185.125000 17.150000
185.150000 17.150000
185.175000 17.175000
185.200000 17.175000
185.225000 17.200000
185.250000 17.200000
185.275000 17.200000
185.300000 17.225000
185.325000 17.225000
185.350000 17.250000
185.375000 17.250000
185.400000 17.275000
185.425000 17.275000
185.450000 17.300000
185.475000 17.300000
185.500000 17.300000
185.525000 17.325000
185.550000 17.325000
185.575000 17.350000
185.600000 17.350000
185.625000 17.350000
185.650000 17.375000
185.675000 17.375000
185.700000 17.375000
185.725000 17.400000
185.750000 17.425000
185.775000 17.425000
185.800000 17.450000
185.825000 17.450000
185.850000 17.475000
185.875000 17.475000
185.900000 17.500000
185.925000 17.500000
185.950000 17.500000
185.975000 17.525000
186.000000 17.525000
186.025000 17.550000
186.050000 17.550000
186.075000 17.575000
186.100000 17.600000
186.125000 17.600000
186.150000 17.625000
186.175000 17.625000
186.200000 17.625000
186.225000 17.650000
186.250000 17.650000
186.275000 17.650000
186.300000 17.675000
186.325000 17.675000
186.350000 17.700000
186.375000 17.700000
186.400000 17.725000
186.425000 17.725000
186.450000 17.750000
186.475000 17.750000
186.500000 17.750000
186.525000 17.775000
186.550000 17.775000
186.575000 17.800000
186.600000 17.800000
186.625000 17.800000
186.650000 17.825000
186.675000 17.825000
186.700000 17.850000
186.725000 17.850000
186.750000 17.875000
186.775000 17.875000
186.800000 17.875000
186.825000 17.875000
186.850000 17.900000
186.875000 17.900000
186.900000 17.925000
186.925000 17.950000
186.950000 17.950000
186.975000 17.950000
187.000000 17.950000
187.025000 17.950000
187.050000 17.950000
187.075000 17.975000
187.100000 17.950000
187.125000 17.900000
187.150000 17.875000
187.175000 17.875000
187.200000 17.875000
187.225000 17.850000
187.250000 17.850000
187.275000 17.850000
187.300000 17.825000
187.325000 17.800000
187.350000 17.775000
187.375000 17.725000
187.400000 17.700000
187.425000 17.675000
187.450000 17.625000
187.475000 17.600000
187.500000 17.550000
187.525000 17.550000
187.550000 17.525000
187.575000 17.500000
187.600000 17.500000
187.625000 17.475000
187.650000 17.450000
187.675000 17.425000
187.700000 17.425000
187.725000 17.400000
187.750000 17.375000
187.775000 17.375000
187.800000 17.375000
187.825000 17.400000
187.850000 17.400000
187.875000 17.400000
187.900000 17.400000
187.925000 17.425000
187.950000 17.425000
187.975000 17.425000
188.000000 17.450000
188.025000 17.450000
188.050000 17.475000
188.075000 17.475000
188.100000 17.500000
188.125000 17.500000
188.150000 17.525000
188.175000 17.525000
188.200000 17.550000
188.225000 17.575000
188.250000 17.600000
188.275000 17.600000
188.300000 17.625000
188.325000 17.625000
188.350000 17.650000
188.375000 17.650000
188.400000 17.675000
188.425000 17.675000
188.450000 17.700000
188.475000 17.725000
188.500000 17.750000
188.525000 17.750000
188.550000 17.775000
188.575000 17.800000
188.600000 17.800000
188.625000 17.800000
188.650000 17.800000
188.675000 17.825000
188.700000 17.825000
188.725000 17.825000
188.750000 17.850000
188.775000 17.850000
188.800000 17.850000
188.825000 17.850000
188.850000 17.850000
188.875000 17.900000
188.900000 17.925000
188.925000 17.950000
188.950000 18.000000
188.975000 18.050000
189.000000 18.075000
189.025000 18.075000
189.050000 18.075000
189.075000 18.075000
189.100000 18.075000
189.125000 18.075000
189.150000 18.075000
189.175000 18.075000
189.200000 18.075000
189.225000 18.075000
189.250000 18.075000
189.275000 18.075000
189.300000 18.100000
189.325000 18.100000
189.350000 18.100000
189.375000 18.100000
189.400000 18.100000
189.425000 18.100000
189.450000 18.100000
189.475000 18.100000
189.500000 18.100000
189.525000 18.100000
189.550000 18.125000
189.575000 18.125000
189.600000 18.125000
189.625000 18.150000
189.650000 18.150000
189.675000 18.175000
189.700000 18.175000
189.725000 18.175000
189.750000 18.175000
189.775000 18.175000
189.800000 18.175000
189.825000 18.200000
189.850000 18.200000
189.875000 18.200000
189.900000 18.200000
189.925000 18.200000
189.950000 18.200000
189.975000 18.200000
190.000000 18.200000
190.025000 18.200000
190.050000 18.200000
190.075000 18.200000
190.100000 18.200000
190.125000 18.200000
190.150000 18.200000
190.175000 18.225000
190.200000 18.225000
190.225000 18.225000
190.250000 18.225000
190.275000 18.225000
190.300000 18.225000
190.325000 18.225000
190.350000 18.225000
190.375000 18.225000
190.400000 18.225000
190.425000 18.225000
190.450000 18.225000
190.475000 18.225000
190.500000 18.225000
190.525000 18.250000
190.550000 18.250000
190.575000 18.250000
190.600000 18.250000
190.625000 18.250000
190.650000 18.250000
190.675000 18.250000
190.700000 18.250000
190.725000 18.250000
190.750000 18.225000
190.775000 18.225000
190.800000 18.225000
190.825000 18.225000
190.850000 18.225000
190.875000 18.225000
190.900000 18.225000
190.925000 18.225000
190.950000 18.225000
190.975000 18.225000
191.000000 18.200000
191.025000 18.200000
191.050000 18.200000
191.075000 18.200000
191.100000 18.200000
191.125000 18.200000
191.150000 18.200000
191.175000 18.200000
191.200000 18.175000
191.225000 18.175000
191.250000 18.175000
191.275000 18.175000
191.300000 18.175000
191.325000 18.150000
191.350000 18.150000
191.375000 18.150000
191.400000 18.150000
191.425000 18.150000
191.450000 18.150000
191.475000 18.150000
191.500000 18.125000
191.525000 18.125000
191.550000 18.125000
191.575000 18.100000
191.600000 18.100000
191.625000 18.100000
191.650000 18.100000
191.675000 18.100000
191.700000 18.100000
191.725000 18.100000
191.750000 18.100000
191.775000 18.100000
191.800000 18.100000
191.825000 18.100000
191.850000 18.125000
191.875000 18.125000
191.900000 18.125000
191.925000 18.125000
191.950000 18.150000
191.975000 18.150000
192.000000 18.150000
192.025000 18.150000
192.050000 18.175000
192.075000 18.175000
192.100000 18.175000
192.125000 18.200000
192.150000 18.200000
192.175000 18.200000
192.200000 18.175000
192.225000 18.175000
192.250000 18.175000
192.275000 18.150000
192.300000 18.150000
192.325000 18.150000
192.350000 18.150000
192.375000 18.175000
192.400000 18.175000
192.425000 18.200000
192.450000 18.200000
192.475000 18.200000
192.500000 18.200000
192.525000 18.225000
192.550000 18.225000
192.575000 18.250000
192.600000 18.250000
192.625000 18.275000
192.650000 18.300000
192.675000 18.300000
192.700000 18.350000
192.725000 18.375000
192.750000 18.400000
192.775000 18.425000
192.800000 18.400000
192.825000 18.400000
192.850000 18.350000
192.875000 18.325000
192.900000 18.325000
192.925000 18.275000
192.950000 18.275000
192.975000 18.275000
193.000000 18.275000
193.025000 18.275000
193.050000 18.275000
193.075000 18.275000
193.100000 18.275000
193.125000 18.275000
193.150000 18.275000
193.175000 18.275000
193.200000 18.275000
193.225000 18.250000
193.250000 18.250000
193.275000 18.250000
193.300000 18.250000
193.325000 18.250000
193.350000 18.250000
193.375000 18.250000
193.400000 18.250000
193.425000 18.250000
193.450000 18.275000
193.475000 18.275000
193.500000 18.275000
193.525000 18.275000
193.550000 18.275000
193.575000 18.300000
193.600000 18.350000
193.625000 18.400000
193.650000 18.425000
193.675000 18.425000
193.700000 18.425000
193.725000 18.425000
193.750000 18.425000
193.775000 18.450000
193.800000 18.450000
193.825000 18.425000
193.850000 18.400000
193.875000 18.375000
193.900000 18.375000
193.925000 18.375000
193.950000 18.375000
193.975000 18.375000
194.000000 18.350000
194.025000 18.275000
194.050000 18.200000
194.075000 18.200000
194.100000 18.225000
194.125000 18.225000
194.150000 18.225000
194.175000 18.225000
194.200000 18.225000
194.225000 18.225000
194.250000 18.225000
194.275000 18.225000
194.300000 18.225000
194.325000 18.225000
194.350000 18.225000
194.375000 18.200000
194.400000 18.200000
194.425000 18.200000
194.450000 18.125000
194.475000 18.075000
194.500000 18.050000
194.525000 18.050000
194.550000 18.050000
194.575000 18.025000
194.600000 18.000000
194.625000 17.975000
194.650000 17.950000
194.675000 17.925000
194.700000 17.900000
194.725000 17.875000
194.750000 17.825000
194.775000 17.800000
194.800000 17.750000
194.825000 17.725000
194.850000 17.700000
194.875000 17.675000
194.900000 17.675000
194.925000 17.700000
194.950000 17.725000
194.975000 17.750000
195.000000 17.775000
195.025000 17.800000
195.050000 17.825000
195.075000 17.825000
195.100000 17.850000
195.125000 17.850000
195.150000 17.875000
195.175000 17.875000
195.200000 17.900000
195.225000 17.900000
195.250000 17.925000
195.275000 17.950000
195.300000 17.975000
195.325000 17.975000
195.350000 18.000000
195.375000 18.000000
195.400000 18.000000
195.425000 18.000000
195.450000 18.025000
195.475000 18.025000
195.500000 18.050000
195.525000 18.050000
195.550000 18.050000
195.575000 18.050000
195.600000 18.050000
195.625000 18.050000
195.650000 18.075000
195.675000 18.075000
195.700000 18.075000
195.725000 18.100000
195.750000 18.100000
195.775000 18.125000
195.800000 18.125000
195.825000 18.125000
195.850000 18.125000
195.875000 18.150000
195.900000 18.150000
195.925000 18.175000
195.950000 18.175000
195.975000 18.175000
196.000000 18.200000
196.025000 18.200000
196.050000 18.200000
196.075000 18.200000
196.100000 18.200000
196.125000 18.225000
196.150000 18.225000
196.175000 18.225000
196.200000 18.225000
196.225000 18.225000
196.250000 18.250000
196.275000 18.250000
196.300000 18.250000
196.325000 18.275000
196.350000 18.275000
196.375000 18.275000
196.400000 18.275000
196.425000 18.300000
196.450000 18.300000
196.475000 18.325000
196.500000 18.350000
196.525000 18.350000
196.550000 18.375000
196.575000 18.400000
196.600000 18.400000
196.625000 18.425000
196.650000 18.425000
196.675000 18.425000
196.700000 18.450000
196.725000 18.450000
196.750000 18.450000
196.775000 18.450000
196.800000 18.450000
196.825000 18.450000
196.850000 18.475000
196.875000 18.475000
196.900000 18.475000
196.925000 18.475000
196.950000 18.475000
196.975000 18.475000
197.000000 18.500000
197.025000 18.500000
197.050000 18.525000
197.075000 18.525000
197.100000 18.525000
197.125000 18.525000
197.150000 18.550000
197.175000 18.550000
197.200000 18.550000
197.225000 18.550000
197.250000 18.575000
197.275000 18.575000
197.300000 18.575000
197.325000 18.575000
197.350000 18.575000
197.375000 18.575000
197.400000 18.575000
197.425000 18.575000
197.450000 18.575000
197.475000 18.575000
197.500000 18.575000
197.525000 18.600000
197.550000 18.600000
197.575000 18.600000
197.600000 18.600000
197.625000 18.600000
197.650000 18.600000
197.675000 18.625000
197.700000 18.625000
197.725000 18.625000
197.750000 18.625000
197.775000 18.625000
197.800000 18.625000
197.825000 18.625000
197.850000 18.625000
197.875000 18.625000
197.900000 18.625000
197.925000 18.625000
197.950000 18.625000
197.975000 18.625000
198.000000 18.625000
198.025000 18.625000
198.050000 18.625000
198.075000 18.625000
198.100000 18.650000
198.125000 18.650000
198.150000 18.650000
198.175000 18.650000
198.200000 18.625000
198.225000 18.625000
198.250000 18.625000
198.275000 18.625000
198.300000 18.625000
198.325000 18.625000
198.350000 18.625000
198.375000 18.625000
198.400000 18.625000
198.425000 18.600000
198.450000 18.600000
198.475000 18.575000
198.500000 18.575000
198.525000 18.550000
198.550000 18.550000
198.575000 18.525000
198.600000 18.525000
198.625000 18.500000
198.650000 18.500000
198.675000 18.475000
198.700000 18.475000
198.725000 18.450000
198.750000 18.425000
198.775000 18.400000
198.800000 18.400000
198.825000 18.375000
198.850000 18.375000
198.875000 18.350000
198.900000 18.350000
198.925000 18.350000
198.950000 18.325000
198.975000 18.325000
199.000000 18.325000
199.025000 18.300000
199.050000 18.300000
199.075000 18.300000
199.100000 18.275000
199.125000 18.275000
199.150000 18.275000
199.175000 18.275000
199.200000 18.250000
199.225000 18.225000
199.250000 18.200000
199.275000 18.175000
199.300000 18.150000
199.325000 18.150000
199.350000 18.150000
199.375000 18.100000
199.400000 18.100000
199.425000 18.075000
199.450000 18.050000
199.475000 18.000000
199.500000 17.950000
199.525000 17.950000
199.550000 17.925000
199.575000 17.925000
199.600000 17.900000
199.625000 17.900000
199.650000 17.900000
199.675000 17.900000
199.700000 17.875000
199.725000 17.875000
199.750000 17.850000
199.775000 17.850000
199.800000 17.850000
199.825000 17.825000
199.850000 17.800000
199.875000 17.800000
199.900000 17.750000
199.925000 17.750000
199.950000 17.750000
199.975000 17.750000
200.000000 17.750000
200.025000 17.700000
200.050000 17.700000
200.075000 17.650000
200.100000 17.650000
200.125000 17.600000
200.150000 17.600000
200.175000 17.575000
200.200000 17.550000
200.225000 17.525000
200.250000 17.500000
200.275000 17.475000
200.300000 17.475000
200.325000 17.450000
200.350000 17.425000
200.375000 17.425000
200.400000 17.400000
200.425000 17.400000
200.450000 17.350000
200.475000 17.350000
200.500000 17.325000
200.525000 17.325000
200.550000 17.300000
200.575000 17.275000
200.600000 17.250000
200.625000 17.250000
200.650000 17.225000
200.675000 17.200000
200.700000 17.200000
200.725000 17.175000
200.750000 17.150000
200.775000 17.125000
200.800000 17.100000
200.825000 17.075000
200.850000 17.075000
200.875000 17.075000
200.900000 17.050000
200.925000 17.050000
200.950000 17.025000
200.975000 17.000000
201.000000 16.950000
201.025000 16.900000
201.050000 16.900000
201.075000 16.850000
201.100000 16.850000
201.125000 16.825000
201.150000 16.800000
201.175000 16.800000
201.200000 16.800000
201.225000 16.800000
201.250000 16.775000
201.275000 16.750000
201.300000 16.725000
201.325000 16.725000
201.350000 16.675000
201.375000 16.675000
201.400000 16.675000
201.425000 16.625000
201.450000 16.625000
201.475000 16.600000
201.500000 16.600000
201.525000 16.575000
201.550000 16.575000
201.575000 16.550000
201.600000 16.550000
201.625000 16.550000
201.650000 16.525000
201.675000 16.500000
201.700000 16.500000
201.725000 16.500000
201.750000 16.475000
201.775000 16.475000
201.800000 16.475000
201.825000 16.475000
201.850000 16.475000
201.875000 16.500000
201.900000 16.500000
201.925000 16.500000
201.950000 16.475000
201.975000 16.450000
202.000000 16.450000
202.025000 16.400000
202.050000 16.400000
202.075000 16.350000
202.100000 16.350000
202.125000 16.325000
202.150000 16.300000
202.175000 16.275000
202.200000 16.275000
202.225000 16.250000
202.250000 16.225000
202.275000 16.225000
202.300000 16.200000
202.325000 16.175000
202.350000 16.175000
202.375000 16.150000
202.400000 16.125000
202.425000 16.125000
202.450000 16.100000
202.475000 16.100000
202.500000 16.100000
202.525000 16.100000
202.550000 16.125000
202.575000 16.125000
202.600000 16.175000
202.625000 16.175000
202.650000 16.150000
202.675000 16.125000
202.700000 16.125000
202.725000 16.125000
202.750000 16.075000
202.775000 16.075000
202.800000 16.075000
202.825000 16.025000
202.850000 16.025000
202.875000 15.975000
202.900000 15.975000
202.925000 15.950000
202.950000 15.950000
202.975000 15.925000
203.000000 15.900000
203.025000 15.825000
203.050000 15.775000
203.075000 15.700000
203.100000 15.650000
203.125000 15.600000
203.150000 15.550000
203.175000 15.475000
203.200000 15.425000
203.225000 15.400000
203.250000 15.400000
203.275000 15.400000
203.300000 15.350000
203.325000 15.350000
203.350000 15.350000
203.375000 15.350000
203.400000 15.350000
203.425000 15.325000
203.450000 15.325000
203.475000 15.300000
203.500000 15.300000
203.525000 15.250000
203.550000 15.225000
203.575000 15.200000
203.600000 15.175000
203.625000 15.150000
203.650000 15.125000
203.675000 15.075000
203.700000 15.050000
203.725000 15.025000
203.750000 15.000000
203.775000 14.975000
203.800000 14.950000
203.825000 14.950000
203.850000 14.950000
203.875000 14.950000
203.900000 14.925000
203.925000 14.925000
203.950000 14.900000
203.975000 14.900000
204.000000 14.875000
204.025000 14.850000
204.050000 14.825000
204.075000 14.825000
204.100000 14.800000
204.125000 14.775000
204.150000 14.750000
204.175000 14.725000
204.200000 14.725000
204.225000 14.700000
204.250000 14.675000
204.275000 14.650000
204.300000 14.650000
204.325000 14.625000
204.350000 14.600000
204.375000 14.575000
204.400000 14.550000
204.425000 14.550000
204.450000 14.525000
204.475000 14.525000
204.500000 14.500000
204.525000 14.475000
204.550000 14.475000
204.575000 14.450000
204.600000 14.425000
204.625000 14.425000
204.650000 14.400000
204.675000 14.375000
204.700000 14.350000
204.725000 14.325000
204.750000 14.325000
204.775000 14.300000
204.800000 14.275000
204.825000 14.250000
204.850000 14.225000
204.875000 14.200000
204.900000 14.200000
204.925000 14.175000
204.950000 14.175000
204.975000 14.150000
205.000000 14.150000
205.025000 14.150000
205.050000 14.125000
205.075000 14.100000
205.100000 14.100000
205.125000 14.100000
205.150000 14.075000
205.175000 14.075000
205.200000 14.050000
205.225000 14.025000
205.250000 14.000000
205.275000 14.000000
205.300000 13.950000
205.325000 13.950000
205.350000 13.900000
205.375000 13.900000
205.400000 13.900000
205.425000 13.900000
205.450000 13.875000
205.475000 13.875000
205.500000 13.850000
205.525000 13.850000
205.550000 13.825000
205.575000 13.800000
205.600000 13.775000
205.625000 13.750000
205.650000 13.750000
205.675000 13.725000
205.700000 13.700000
205.725000 13.650000
205.750000 13.650000
205.775000 13.625000
205.800000 13.600000
205.825000 13.575000
205.850000 13.550000
205.875000 13.525000
205.900000 13.525000
205.925000 13.525000
205.950000 13.550000
205.975000 13.550000
206.000000 13.550000
206.025000 13.550000
206.050000 13.550000
206.075000 13.525000
206.100000 13.500000
206.125000 13.475000
206.150000 13.475000
206.175000 13.425000
206.200000 13.375000
206.225000 13.350000
206.250000 13.300000
206.275000 13.250000
206.300000 13.225000
206.325000 13.200000
206.350000 13.175000
206.375000 13.175000
206.400000 13.150000
206.425000 13.125000
206.450000 13.125000
206.475000 13.100000
206.500000 13.100000
206.525000 13.075000
206.550000 13.050000
206.575000 13.050000
206.600000 13.025000
206.625000 13.000000
206.650000 13.000000
206.675000 12.975000
206.700000 12.950000
206.725000 12.950000
206.750000 12.925000
206.775000 12.900000
206.800000 12.900000
206.825000 12.875000
206.850000 12.850000
206.875000 12.850000
206.900000 12.825000
206.925000 12.825000
206.950000 12.800000
206.975000 12.775000
207.000000 12.775000
207.025000 12.750000
207.050000 12.725000
207.075000 12.725000
207.100000 12.700000
207.125000 12.700000
207.150000 12.675000
207.175000 12.650000
207.200000 12.650000
207.225000 12.625000
207.250000 12.600000
207.275000 12.600000
207.300000 12.575000
207.325000 12.575000
207.350000 12.550000
207.375000 12.525000
207.400000 12.525000
207.425000 12.500000
207.450000 12.475000
207.475000 12.475000
207.500000 12.450000
207.525000 12.450000
207.550000 12.425000
207.575000 12.400000
207.600000 12.400000
207.625000 12.375000
207.650000 12.350000
207.675000 12.350000
207.700000 12.325000
207.725000 12.325000
207.750000 12.300000
207.775000 12.275000
207.800000 12.275000
207.825000 12.250000
207.850000 12.250000
207.875000 12.225000
207.900000 12.200000
207.925000 12.200000
207.950000 12.175000
207.975000 12.175000
208.000000 12.150000
208.025000 12.125000
208.050000 12.125000
208.075000 12.100000
208.100000 12.100000
208.125000 12.075000
208.150000 12.050000
208.175000 12.050000
208.200000 12.025000
208.225000 12.025000
208.250000 12.000000
208.275000 11.975000
208.300000 11.975000
208.325000 11.950000
208.350000 11.950000
208.375000 11.925000
208.400000 11.900000
208.425000 11.900000
208.450000 11.875000
208.475000 11.850000
208.500000 11.850000
208.525000 11.825000
208.550000 11.800000
208.575000 11.800000
208.600000 11.775000
208.625000 11.775000
208.650000 11.750000
208.675000 11.750000
208.700000 11.725000
208.725000 11.700000
208.750000 11.700000
208.775000 11.675000
208.800000 11.650000
208.825000 11.650000
208.850000 11.625000
208.875000 11.625000
208.900000 11.600000
208.925000 11.600000
208.950000 11.575000
208.975000 11.550000
209.000000 11.550000
209.025000 11.525000
209.050000 11.525000
209.075000 11.500000
209.100000 11.475000
209.125000 11.475000
209.150000 11.450000
209.175000 11.425000
209.200000 11.425000
209.225000 11.400000
209.250000 11.400000
209.275000 11.375000
209.300000 11.350000
209.325000 11.350000
209.350000 11.325000
209.375000 11.325000
209.400000 11.300000
209.425000 11.300000
209.450000 11.275000
209.475000 11.250000
209.500000 11.250000
209.525000 11.225000
209.550000 11.200000
209.575000 11.200000
209.600000 11.200000
209.625000 11.175000
209.650000 11.175000
209.675000 11.150000
209.700000 11.125000
209.725000 11.125000
209.750000 11.100000
209.775000 11.075000
209.800000 11.075000
209.825000 11.050000
209.850000 11.050000
209.875000 11.025000
209.900000 11.000000
209.925000 11.000000
209.950000 11.000000
209.975000 10.975000
210.000000 10.950000
210.025000 10.950000
210.050000 10.925000
210.075000 10.900000
210.100000 10.900000
210.125000 10.875000
210.150000 10.850000
210.175000 10.850000
210.200000 10.825000
210.225000 10.825000
210.250000 10.800000
210.275000 10.800000
210.300000 10.775000
210.325000 10.750000
210.350000 10.750000
210.375000 10.725000
210.400000 10.725000
210.425000 10.700000
210.450000 10.700000
210.475000 10.700000
210.500000 10.675000
210.525000 10.675000
210.550000 10.675000
210.575000 10.675000
210.600000 10.675000
210.625000 10.650000
210.650000 10.650000
210.675000 10.650000
210.700000 10.625000
210.725000 10.625000
210.750000 10.625000
210.775000 10.600000
210.800000 10.600000
210.825000 10.600000
210.850000 10.600000
210.875000 10.575000
210.900000 10.575000
210.925000 10.575000
210.950000 10.550000
210.975000 10.550000
211.000000 10.550000
211.025000 10.525000
211.050000 10.525000
211.075000 10.500000
211.100000 10.500000
211.125000 10.500000
211.150000 10.500000
211.175000 10.475000
211.200000 10.475000
211.225000 10.475000
211.250000 10.450000
211.275000 10.450000
211.300000 10.450000
211.325000 10.425000
211.350000 10.425000
211.375000 10.425000
211.400000 10.425000
211.425000 10.400000
211.450000 10.400000
211.475000 10.375000
211.500000 10.375000
211.525000 10.375000
211.550000 10.350000
211.575000 10.350000
211.600000 10.350000
211.625000 10.325000
211.650000 10.300000
211.675000 10.300000
211.700000 10.300000
211.725000 10.275000
211.750000 10.250000
211.775000 10.250000
211.800000 10.225000
211.825000 10.225000
211.850000 10.225000
211.875000 10.175000
211.900000 10.175000
211.925000 10.150000
211.950000 10.150000
211.975000 10.125000
212.000000 10.125000
212.025000 10.100000
212.050000 10.075000
212.075000 10.075000
212.100000 10.075000
212.125000 10.025000
212.150000 10.025000
212.175000 10.025000
212.200000 10.000000
212.225000 10.000000
212.250000 10.000000
212.275000 9.950000
212.300000 9.950000
212.325000 9.925000
212.350000 9.925000
212.375000 9.925000
212.400000 9.900000
212.425000 9.900000
212.450000 9.875000
212.475000 9.875000
212.500000 9.850000
212.525000 9.850000
212.550000 9.850000
212.575000 9.800000
212.600000 9.800000
212.625000 9.800000
212.650000 9.750000
212.675000 9.750000
212.700000 9.725000
212.725000 9.700000
212.750000 9.675000
212.775000 9.650000
212.800000 9.625000
212.825000 9.625000
212.850000 9.575000
212.875000 9.575000
212.900000 9.550000
212.925000 9.525000
212.950000 9.525000
212.975000 9.500000
213.000000 9.450000
213.025000 9.450000
213.050000 9.450000
213.075000 9.450000
213.100000 9.375000
213.125000 9.375000
213.150000 9.325000
213.175000 9.325000
213.200000 9.300000
213.225000 9.250000
213.250000 9.250000
213.275000 9.275000
213.300000 9.275000
213.325000 9.325000
213.350000 9.325000
213.375000 9.325000
213.400000 9.275000
213.425000 9.275000
213.450000 9.275000
213.475000 9.275000
213.500000 9.225000
213.525000 9.225000
213.550000 9.225000
213.575000 9.175000
213.600000 9.150000
213.625000 9.150000
213.650000 9.100000
213.675000 9.100000
213.700000 9.100000
213.725000 9.025000
213.750000 9.025000
213.775000 8.950000
213.800000 8.850000
213.825000 8.850000
213.850000 8.825000
213.875000 8.825000
213.900000 8.825000
213.925000 8.800000
213.950000 8.800000
213.975000 8.775000
214.000000 8.775000
214.025000 8.775000
214.050000 8.775000
214.075000 8.750000
214.100000 8.725000
214.125000 8.725000
214.150000 8.725000
214.175000 8.700000
214.200000 8.700000
214.225000 8.700000
214.250000 8.700000
214.275000 8.675000
214.300000 8.650000
214.325000 8.650000
214.350000 8.650000
214.375000 8.625000
214.400000 8.625000
214.425000 8.600000
214.450000 8.600000
214.475000 8.575000
214.500000 8.575000
214.525000 8.575000
214.550000 8.550000
214.575000 8.550000
214.600000 8.525000
214.625000 8.525000
214.650000 8.525000
214.675000 8.500000
214.700000 8.500000
214.725000 8.475000
214.750000 8.475000
214.775000 8.450000
214.800000 8.450000
214.825000 8.450000
214.850000 8.450000
214.875000 8.425000
214.900000 8.425000
214.925000 8.400000
214.950000 8.400000
214.975000 8.375000
215.000000 8.375000
215.025000 8.375000
215.050000 8.350000
215.075000 8.350000
215.100000 8.350000
215.125000 8.350000
215.150000 8.325000
215.175000 8.300000
215.200000 8.300000
215.225000 8.275000
215.250000 8.275000
215.275000 8.275000
215.300000 8.250000
215.325000 8.250000
215.350000 8.250000
215.375000 8.225000
215.400000 8.225000
215.425000 8.225000
215.450000 8.225000
215.475000 8.200000
215.500000 8.200000
215.525000 8.175000
215.550000 8.175000
215.575000 8.175000
215.600000 8.150000
215.625000 8.150000
215.650000 8.150000
215.675000 8.125000
215.700000 8.125000
215.725000 8.125000
215.750000 8.100000
215.775000 8.100000
215.800000 8.075000
215.825000 8.075000
215.850000 8.075000
215.875000 8.050000
215.900000 8.050000
215.925000 8.025000
215.950000 8.025000
215.975000 8.025000
216.000000 8.025000
216.025000 8.000000
216.050000 8.000000
216.075000 7.975000
216.100000 7.975000
216.125000 7.975000
216.150000 7.975000
216.175000 7.975000
216.200000 7.950000
216.225000 7.950000
216.250000 7.950000
216.275000 7.925000
216.300000 7.925000
216.325000 7.900000
216.350000 7.900000
216.375000 7.900000
216.400000 7.900000
216.425000 7.900000
216.450000 7.900000
216.475000 7.900000
216.500000 7.900000
216.525000 7.900000
216.550000 7.925000
216.575000 7.925000
216.600000 7.950000
216.625000 7.950000
216.650000 7.950000
216.675000 7.975000
216.700000 7.975000
216.725000 7.975000
216.750000 8.000000
216.775000 8.000000
216.800000 8.000000
216.825000 8.025000
216.850000 8.025000
216.875000 8.025000
216.900000 8.050000
216.925000 8.050000
216.950000 8.050000
216.975000 8.050000
217.000000 8.050000
217.025000 8.050000
217.050000 8.075000
217.075000 8.100000
217.100000 8.100000
217.125000 8.100000
217.150000 8.125000
217.175000 8.125000
217.200000 8.125000
217.225000 8.125000
217.250000 8.125000
217.275000 8.150000
217.300000 8.150000
217.325000 8.100000
217.350000 8.100000
217.375000 8.100000
217.400000 8.100000
217.425000 8.125000
217.450000 8.100000
217.475000 8.075000
217.500000 8.075000
217.525000 8.075000
217.550000 8.050000
217.575000 8.025000
217.600000 8.025000
217.625000 8.025000
217.650000 7.975000
217.675000 7.975000
217.700000 7.975000
217.725000 7.950000
217.750000 7.950000
217.775000 7.950000
217.800000 7.950000
217.825000 7.950000
217.850000 7.950000
217.875000 7.950000
217.900000 7.925000
217.925000 7.925000
217.950000 7.925000
217.975000 7.925000
218.000000 7.900000
218.025000 7.900000
218.050000 7.900000
218.075000 7.900000
218.100000 7.900000
218.125000 7.900000
218.150000 7.900000
218.175000 7.900000
218.200000 7.900000
218.225000 7.900000
218.250000 7.900000
218.275000 7.875000
218.300000 7.875000
218.325000 7.875000
218.350000 7.875000
218.375000 7.875000
218.400000 7.850000
218.425000 7.850000
218.450000 7.850000
218.475000 7.850000
218.500000 7.850000
218.525000 7.825000
218.550000 7.825000
218.575000 7.825000
218.600000 7.825000
218.625000 7.825000
218.650000 7.800000
218.675000 7.800000
218.700000 7.800000
218.725000 7.800000
218.750000 7.800000
218.775000 7.800000
218.800000 7.800000
218.825000 7.800000
218.850000 7.800000
218.875000 7.800000
218.900000 7.800000
218.925000 7.800000
218.950000 7.800000
218.975000 7.800000
219.000000 7.800000
219.025000 7.800000
219.050000 7.800000
219.075000 7.775000
219.100000 7.775000
219.125000 7.775000
219.150000 7.750000
219.175000 7.750000
219.200000 7.750000
219.225000 7.750000
219.250000 7.725000
219.275000 7.700000
219.300000 7.725000
219.325000 7.725000
219.350000 7.725000
219.375000 7.725000
219.400000 7.750000
219.425000 7.775000
219.450000 7.775000
219.475000 7.775000
219.500000 7.775000
219.525000 7.775000
219.550000 7.800000
219.575000 7.800000
219.600000 7.800000
219.625000 7.750000
219.650000 7.750000
219.675000 7.775000
219.700000 7.775000
219.725000 7.775000
219.750000 7.775000
219.775000 7.750000
219.800000 7.750000
219.825000 7.750000
219.850000 7.725000
219.875000 7.725000
219.900000 7.725000
219.925000 7.700000
219.950000 7.675000
219.975000 7.675000
