-71.666703 -36.894881
1464.000000 1.000000
5.000000 100.000000
60.000000 1.980000
60.020000 1.980000
60.040000 1.980000
60.060000 1.960000
60.080000 1.960000
60.100000 1.960000
60.120000 1.980000
60.140000 1.980000
60.160000 1.980000
60.180000 1.980000
60.200000 1.980000
60.220000 1.980000
60.240000 1.980000
60.260000 1.980000
60.280000 2.000000
60.300000 2.000000
60.320000 2.020000
60.340000 2.020000
60.360000 2.020000
60.380000 2.020000
60.400000 2.020000
60.420000 2.020000
60.440000 2.020000
60.460000 2.040000
60.480000 2.040000
60.500000 2.040000
60.520000 2.040000
60.540000 2.040000
60.560000 2.040000
60.580000 2.060000
60.600000 2.060000
60.620000 2.060000
60.640000 2.060000
60.660000 2.060000
60.680000 2.060000
60.700000 2.060000
60.720000 2.060000
60.740000 2.060000
60.760000 2.060000
60.780000 2.060000
60.800000 2.060000
60.820000 2.060000
60.840000 2.060000
60.860000 2.080000
60.880000 2.080000
60.900000 2.080000
60.920000 2.080000
60.940000 2.080000
60.960000 2.080000
60.980000 2.100000
61.000000 2.100000
61.020000 2.100000
61.040000 2.100000
61.060000 2.120000
61.080000 2.120000
61.100000 2.120000
61.120000 2.140000
61.140000 2.140000
61.160000 2.160000
61.180000 2.160000
61.200000 2.160000
61.220000 2.160000
61.240000 2.160000
61.260000 2.160000
61.280000 2.160000
61.300000 2.160000
61.320000 2.160000
61.340000 2.160000
61.360000 2.140000
61.380000 2.140000
61.400000 2.120000
61.420000 2.120000
61.440000 2.120000
61.460000 2.120000
61.480000 2.120000
61.500000 2.120000
61.520000 2.120000
61.540000 2.100000
61.560000 2.100000
61.580000 2.100000
61.600000 2.100000
61.620000 2.080000
61.640000 2.080000
61.660000 2.080000
61.680000 2.060000
61.700000 2.040000
61.720000 2.040000
61.740000 2.040000
61.760000 2.040000
61.780000 2.040000
61.800000 2.040000
61.820000 2.040000
61.840000 2.060000
61.860000 2.060000
61.880000 2.060000
61.900000 2.080000
61.920000 2.080000
61.940000 2.080000
61.960000 2.080000
61.980000 2.100000
62.000000 2.100000
62.020000 2.100000
62.040000 2.100000
62.060000 2.100000
62.080000 2.120000
62.100000 2.120000
62.120000 2.120000
62.140000 2.120000
62.160000 2.100000
62.180000 2.100000
62.200000 2.100000
62.220000 2.100000
62.240000 2.100000
62.260000 2.100000
62.280000 2.080000
62.300000 2.080000
62.320000 2.080000
62.340000 2.060000
62.360000 2.060000
62.380000 2.040000
62.400000 2.040000
62.420000 2.040000
62.440000 2.020000
62.460000 2.020000
62.480000 2.020000
62.500000 2.020000
62.520000 2.020000
62.540000 2.020000
62.560000 2.040000
62.580000 2.040000
62.600000 2.040000
62.620000 2.060000
62.640000 2.060000
62.660000 2.080000
62.680000 2.080000
62.700000 2.100000
62.720000 2.100000
62.740000 2.120000
62.760000 2.120000
62.780000 2.140000
62.800000 2.140000
62.820000 2.140000
62.840000 2.140000
62.860000 2.140000
62.880000 2.140000
62.900000 2.140000
62.920000 2.160000
62.940000 2.160000
62.960000 2.160000
62.980000 2.160000
63.000000 2.160000
63.020000 2.160000
63.040000 2.160000
63.060000 2.180000
63.080000 2.180000
63.100000 2.180000
63.120000 2.180000
63.140000 2.180000
63.160000 2.200000
63.180000 2.200000
63.200000 2.200000
63.220000 2.200000
63.240000 2.200000
63.260000 2.200000
63.280000 2.200000
63.300000 2.200000
63.320000 2.200000
63.340000 2.200000
63.360000 2.200000
63.380000 2.200000
63.400000 2.200000
63.420000 2.200000
63.440000 2.200000
63.460000 2.200000
63.480000 2.220000
63.500000 2.220000
63.520000 2.220000
63.540000 2.220000
63.560000 2.220000
63.580000 2.220000
63.600000 2.220000
63.620000 2.220000
63.640000 2.220000
63.660000 2.220000
63.680000 2.240000
63.700000 2.240000
63.720000 2.240000
63.740000 2.240000
63.760000 2.260000
63.780000 2.260000
63.800000 2.260000
63.820000 2.260000
63.840000 2.280000
63.860000 2.280000
63.880000 2.280000
63.900000 2.280000
63.920000 2.300000
63.940000 2.300000
63.960000 2.300000
63.980000 2.300000
64.000000 2.320000
64.020000 2.320000
64.040000 2.340000
64.060000 2.340000
64.080000 2.340000
64.100000 2.340000
64.120000 2.340000
64.140000 2.360000
64.160000 2.360000
64.180000 2.360000
64.200000 2.360000
64.220000 2.380000
64.240000 2.380000
64.260000 2.380000
64.280000 2.400000
64.300000 2.400000
64.320000 2.400000
64.340000 2.420000
64.360000 2.420000
64.380000 2.420000
64.400000 2.420000
64.420000 2.420000
64.440000 2.420000
64.460000 2.420000
64.480000 2.400000
64.500000 2.400000
64.520000 2.400000
64.540000 2.400000
64.560000 2.380000
64.580000 2.360000
64.600000 2.360000
64.620000 2.340000
64.640000 2.340000
64.660000 2.320000
64.680000 2.300000
64.700000 2.300000
64.720000 2.280000
64.740000 2.260000
64.760000 2.260000
64.780000 2.240000
64.800000 2.220000
64.820000 2.220000
64.840000 2.200000
64.860000 2.180000
64.880000 2.180000
64.900000 2.160000
64.920000 2.180000
64.940000 2.180000
64.960000 2.180000
64.980000 2.180000
65.000000 2.180000
65.020000 2.200000
65.040000 2.200000
65.060000 2.200000
65.080000 2.200000
65.100000 2.220000
65.120000 2.220000
65.140000 2.220000
65.160000 2.220000
65.180000 2.220000
65.200000 2.220000
65.220000 2.220000
65.240000 2.220000
65.260000 2.220000
65.280000 2.240000
65.300000 2.240000
65.320000 2.240000
65.340000 2.240000
65.360000 2.240000
65.380000 2.240000
65.400000 2.240000
65.420000 2.260000
65.440000 2.260000
65.460000 2.260000
65.480000 2.260000
65.500000 2.260000
65.520000 2.280000
65.540000 2.280000
65.560000 2.280000
65.580000 2.280000
65.600000 2.280000
65.620000 2.300000
65.640000 2.300000
65.660000 2.300000
65.680000 2.300000
65.700000 2.320000
65.720000 2.320000
65.740000 2.320000
65.760000 2.320000
65.780000 2.340000
65.800000 2.340000
65.820000 2.340000
65.840000 2.340000
65.860000 2.360000
65.880000 2.360000
65.900000 2.360000
65.920000 2.360000
65.940000 2.380000
65.960000 2.380000
65.980000 2.380000
66.000000 2.380000
66.020000 2.400000
66.040000 2.400000
66.060000 2.400000
66.080000 2.420000
66.100000 2.420000
66.120000 2.420000
66.140000 2.440000
66.160000 2.440000
66.180000 2.440000
66.200000 2.440000
66.220000 2.440000
66.240000 2.460000
66.260000 2.460000
66.280000 2.460000
66.300000 2.460000
66.320000 2.480000
66.340000 2.480000
66.360000 2.480000
66.380000 2.480000
66.400000 2.500000
66.420000 2.500000
66.440000 2.500000
66.460000 2.500000
66.480000 2.500000
66.500000 2.520000
66.520000 2.520000
66.540000 2.520000
66.560000 2.520000
66.580000 2.520000
66.600000 2.540000
66.620000 2.540000
66.640000 2.540000
66.660000 2.560000
66.680000 2.560000
66.700000 2.560000
66.720000 2.580000
66.740000 2.580000
66.760000 2.580000
66.780000 2.600000
66.800000 2.600000
66.820000 2.600000
66.840000 2.600000
66.860000 2.620000
66.880000 2.620000
66.900000 2.620000
66.920000 2.620000
66.940000 2.640000
66.960000 2.640000
66.980000 2.640000
67.000000 2.660000
67.020000 2.660000
67.040000 2.660000
67.060000 2.680000
67.080000 2.680000
67.100000 2.680000
67.120000 2.680000
67.140000 2.700000
67.160000 2.700000
67.180000 2.700000
67.200000 2.720000
67.220000 2.720000
67.240000 2.720000
67.260000 2.740000
67.280000 2.740000
67.300000 2.740000
67.320000 2.760000
67.340000 2.760000
67.360000 2.760000
67.380000 2.780000
67.400000 2.780000
67.420000 2.800000
67.440000 2.800000
67.460000 2.800000
67.480000 2.820000
67.500000 2.820000
67.520000 2.820000
67.540000 2.820000
67.560000 2.840000
67.580000 2.840000
67.600000 2.860000
67.620000 2.860000
67.640000 2.860000
67.660000 2.880000
67.680000 2.880000
67.700000 2.900000
67.720000 2.900000
67.740000 2.920000
67.760000 2.920000
67.780000 2.940000
67.800000 2.940000
67.820000 2.960000
67.840000 2.980000
67.860000 3.000000
67.880000 3.000000
67.900000 3.020000
67.920000 3.020000
67.940000 3.040000
67.960000 3.040000
67.980000 3.060000
68.000000 3.060000
68.020000 3.080000
68.040000 3.100000
68.060000 3.100000
68.080000 3.120000
68.100000 3.120000
68.120000 3.140000
68.140000 3.140000
68.160000 3.160000
68.180000 3.160000
68.200000 3.160000
68.220000 3.180000
68.240000 3.180000
68.260000 3.200000
68.280000 3.200000
68.300000 3.220000
68.320000 3.220000
68.340000 3.240000
68.360000 3.240000
68.380000 3.260000
68.400000 3.260000
68.420000 3.280000
68.440000 3.280000
68.460000 3.280000
68.480000 3.300000
68.500000 3.300000
68.520000 3.320000
68.540000 3.320000
68.560000 3.340000
68.580000 3.340000
68.600000 3.360000
68.620000 3.360000
68.640000 3.360000
68.660000 3.380000
68.680000 3.380000
68.700000 3.400000
68.720000 3.400000
68.740000 3.400000
68.760000 3.420000
68.780000 3.420000
68.800000 3.440000
68.820000 3.440000
68.840000 3.460000
68.860000 3.460000
68.880000 3.480000
68.900000 3.480000
68.920000 3.500000
68.940000 3.500000
68.960000 3.520000
68.980000 3.520000
69.000000 3.540000
69.020000 3.540000
69.040000 3.560000
69.060000 3.560000
69.080000 3.580000
69.100000 3.580000
69.120000 3.600000
69.140000 3.600000
69.160000 3.620000
69.180000 3.620000
69.200000 3.640000
69.220000 3.660000
69.240000 3.660000
69.260000 3.680000
69.280000 3.680000
69.300000 3.700000
69.320000 3.700000
69.340000 3.700000
69.360000 3.720000
69.380000 3.720000
69.400000 3.720000
69.420000 3.740000
69.440000 3.740000
69.460000 3.740000
69.480000 3.740000
69.500000 3.740000
69.520000 3.740000
69.540000 3.740000
69.560000 3.740000
69.580000 3.740000
69.600000 3.740000
69.620000 3.740000
69.640000 3.740000
69.660000 3.760000
69.680000 3.760000
69.700000 3.760000
69.720000 3.760000
69.740000 3.760000
69.760000 3.760000
69.780000 3.760000
69.800000 3.760000
69.820000 3.780000
69.840000 3.780000
69.860000 3.800000
69.880000 3.800000
69.900000 3.800000
69.920000 3.820000
69.940000 3.820000
69.960000 3.820000
69.980000 3.820000
70.000000 3.820000
70.020000 3.820000
70.040000 3.840000
70.060000 3.840000
70.080000 3.860000
70.100000 3.860000
70.120000 3.860000
70.140000 3.880000
70.160000 3.880000
70.180000 3.900000
70.200000 3.900000
70.220000 3.920000
70.240000 3.920000
70.260000 3.940000
70.280000 3.940000
70.300000 3.960000
70.320000 3.980000
70.340000 3.980000
70.360000 4.000000
70.380000 4.000000
70.400000 4.020000
70.420000 4.020000
70.440000 4.040000
70.460000 4.040000
70.480000 4.060000
70.500000 4.060000
70.520000 4.060000
70.540000 4.060000
70.560000 4.080000
70.580000 4.080000
70.600000 4.100000
70.620000 4.100000
70.640000 4.100000
70.660000 4.100000
70.680000 4.100000
70.700000 4.100000
70.720000 4.100000
70.740000 4.100000
70.760000 4.100000
70.780000 4.100000
70.800000 4.100000
70.820000 4.100000
70.840000 4.100000
70.860000 4.100000
70.880000 4.100000
70.900000 4.100000
70.920000 4.100000
70.940000 4.100000
70.960000 4.100000
70.980000 4.080000
71.000000 4.080000
71.020000 4.060000
71.040000 4.060000
71.060000 4.040000
71.080000 4.040000
71.100000 4.040000
71.120000 4.040000
71.140000 4.040000
71.160000 4.040000
71.180000 4.040000
71.200000 4.020000
71.220000 4.020000
71.240000 4.020000
71.260000 4.020000
71.280000 4.020000
71.300000 4.020000
71.320000 4.020000
71.340000 4.020000
71.360000 4.000000
71.380000 4.000000
71.400000 4.000000
71.420000 4.000000
71.440000 4.000000
71.460000 4.000000
71.480000 4.000000
71.500000 4.000000
71.520000 4.000000
71.540000 3.980000
71.560000 3.980000
71.580000 3.980000
71.600000 3.980000
71.620000 3.980000
71.640000 3.980000
71.660000 3.980000
71.680000 3.980000
71.700000 3.980000
71.720000 3.980000
71.740000 3.980000
71.760000 3.960000
71.780000 3.960000
71.800000 3.960000
71.820000 3.960000
71.840000 3.960000
71.860000 3.960000
71.880000 3.960000
71.900000 3.960000
71.920000 3.940000
71.940000 3.940000
71.960000 3.940000
71.980000 3.940000
72.000000 3.940000
72.020000 3.940000
72.040000 3.920000
72.060000 3.920000
72.080000 3.900000
72.100000 3.900000
72.120000 3.880000
72.140000 3.880000
72.160000 3.860000
72.180000 3.860000
72.200000 3.840000
72.220000 3.840000
72.240000 3.820000
72.260000 3.820000
72.280000 3.800000
72.300000 3.800000
72.320000 3.780000
72.340000 3.780000
72.360000 3.760000
72.380000 3.760000
72.400000 3.740000
72.420000 3.740000
72.440000 3.720000
72.460000 3.720000
72.480000 3.720000
72.500000 3.700000
72.520000 3.700000
72.540000 3.680000
72.560000 3.680000
72.580000 3.660000
72.600000 3.660000
72.620000 3.660000
72.640000 3.640000
72.660000 3.640000
72.680000 3.620000
72.700000 3.620000
72.720000 3.600000
72.740000 3.600000
72.760000 3.580000
72.780000 3.580000
72.800000 3.560000
72.820000 3.560000
72.840000 3.560000
72.860000 3.540000
72.880000 3.540000
72.900000 3.520000
72.920000 3.520000
72.940000 3.520000
72.960000 3.500000
72.980000 3.500000
73.000000 3.500000
73.020000 3.480000
73.040000 3.480000
73.060000 3.480000
73.080000 3.480000
73.100000 3.480000
73.120000 3.480000
73.140000 3.460000
73.160000 3.460000
73.180000 3.460000
73.200000 3.460000
73.220000 3.460000
73.240000 3.460000
73.260000 3.480000
73.280000 3.480000
73.300000 3.480000
73.320000 3.480000
73.340000 3.480000
73.360000 3.480000
73.380000 3.480000
73.400000 3.480000
73.420000 3.480000
73.440000 3.480000
73.460000 3.480000
73.480000 3.500000
73.500000 3.500000
73.520000 3.500000
73.540000 3.500000
73.560000 3.500000
73.580000 3.500000
73.600000 3.500000
73.620000 3.500000
73.640000 3.500000
73.660000 3.500000
73.680000 3.500000
73.700000 3.520000
73.720000 3.520000
73.740000 3.520000
73.760000 3.520000
73.780000 3.520000
73.800000 3.540000
73.820000 3.540000
73.840000 3.520000
73.860000 3.520000
73.880000 3.520000
73.900000 3.520000
73.920000 3.520000
73.940000 3.520000
73.960000 3.520000
73.980000 3.520000
74.000000 3.540000
74.020000 3.540000
74.040000 3.540000
74.060000 3.540000
74.080000 3.520000
74.100000 3.520000
74.120000 3.520000
74.140000 3.520000
74.160000 3.500000
74.180000 3.500000
74.200000 3.500000
74.220000 3.480000
74.240000 3.480000
74.260000 3.460000
74.280000 3.460000
74.300000 3.460000
74.320000 3.440000
74.340000 3.440000
74.360000 3.420000
74.380000 3.420000
74.400000 3.400000
74.420000 3.400000
74.440000 3.380000
74.460000 3.360000
74.480000 3.360000
74.500000 3.340000
74.520000 3.340000
74.540000 3.320000
74.560000 3.320000
74.580000 3.300000
74.600000 3.300000
74.620000 3.280000
74.640000 3.280000
74.660000 3.260000
74.680000 3.260000
74.700000 3.240000
74.720000 3.240000
74.740000 3.240000
74.760000 3.220000
74.780000 3.220000
74.800000 3.200000
74.820000 3.200000
74.840000 3.180000
74.860000 3.180000
74.880000 3.160000
74.900000 3.160000
74.920000 3.140000
74.940000 3.140000
74.960000 3.120000
74.980000 3.120000
75.000000 3.120000
75.020000 3.100000
75.040000 3.100000
75.060000 3.100000
75.080000 3.100000
75.100000 3.080000
75.120000 3.080000
75.140000 3.080000
75.160000 3.060000
75.180000 3.060000
75.200000 3.060000
75.220000 3.060000
75.240000 3.040000
75.260000 3.040000
75.280000 3.040000
75.300000 3.040000
75.320000 3.020000
75.340000 3.020000
75.360000 3.020000
75.380000 3.020000
75.400000 3.000000
75.420000 3.000000
75.440000 3.000000
75.460000 3.000000
75.480000 3.000000
75.500000 3.000000
75.520000 3.000000
75.540000 3.000000
75.560000 3.000000
75.580000 3.000000
75.600000 3.000000
75.620000 3.000000
75.640000 3.000000
75.660000 3.000000
75.680000 3.000000
75.700000 3.000000
75.720000 3.000000
75.740000 3.000000
75.760000 3.000000
75.780000 3.000000
75.800000 3.000000
75.820000 2.980000
75.840000 2.980000
75.860000 2.980000
75.880000 2.980000
75.900000 2.980000
75.920000 2.980000
75.940000 2.980000
75.960000 2.980000
75.980000 2.980000
76.000000 2.980000
76.020000 2.980000
76.040000 2.980000
76.060000 2.960000
76.080000 2.960000
76.100000 2.960000
76.120000 2.960000
76.140000 2.960000
76.160000 2.980000
76.180000 2.980000
76.200000 2.980000
76.220000 2.980000
76.240000 2.980000
76.260000 2.980000
76.280000 2.980000
76.300000 2.980000
76.320000 2.980000
76.340000 2.980000
76.360000 2.980000
76.380000 2.980000
76.400000 2.980000
76.420000 2.960000
76.440000 2.960000
76.460000 2.960000
76.480000 2.960000
76.500000 2.960000
76.520000 2.960000
76.540000 2.960000
76.560000 2.960000
76.580000 2.960000
76.600000 2.960000
76.620000 2.960000
76.640000 2.960000
76.660000 2.960000
76.680000 2.960000
76.700000 2.960000
76.720000 2.960000
76.740000 2.960000
76.760000 2.960000
76.780000 2.960000
76.800000 2.960000
76.820000 2.960000
76.840000 2.960000
76.860000 2.960000
76.880000 2.960000
76.900000 2.960000
76.920000 2.960000
76.940000 2.960000
76.960000 2.940000
76.980000 2.940000
77.000000 2.940000
77.020000 2.940000
77.040000 2.940000
77.060000 2.920000
77.080000 2.920000
77.100000 2.920000
77.120000 2.900000
77.140000 2.900000
77.160000 2.880000
77.180000 2.880000
77.200000 2.860000
77.220000 2.860000
77.240000 2.840000
77.260000 2.840000
77.280000 2.820000
77.300000 2.820000
77.320000 2.820000
77.340000 2.800000
77.360000 2.800000
77.380000 2.800000
77.400000 2.800000
77.420000 2.800000
77.440000 2.780000
77.460000 2.800000
77.480000 2.820000
77.500000 2.840000
77.520000 2.860000
77.540000 2.860000
77.560000 2.880000
77.580000 2.880000
77.600000 2.880000
77.620000 2.880000
77.640000 2.880000
77.660000 2.880000
77.680000 2.880000
77.700000 2.860000
77.720000 2.860000
77.740000 2.860000
77.760000 2.840000
77.780000 2.840000
77.800000 2.840000
77.820000 2.840000
77.840000 2.820000
77.860000 2.820000
77.880000 2.820000
77.900000 2.800000
77.920000 2.800000
77.940000 2.800000
77.960000 2.800000
77.980000 2.800000
78.000000 2.800000
78.020000 2.780000
78.040000 2.780000
78.060000 2.780000
78.080000 2.780000
78.100000 2.760000
78.120000 2.760000
78.140000 2.760000
78.160000 2.760000
78.180000 2.740000
78.200000 2.740000
78.220000 2.720000
78.240000 2.720000
78.260000 2.720000
78.280000 2.720000
78.300000 2.720000
78.320000 2.740000
78.340000 2.740000
78.360000 2.740000
78.380000 2.740000
78.400000 2.740000
78.420000 2.740000
78.440000 2.740000
78.460000 2.740000
78.480000 2.740000
78.500000 2.740000
78.520000 2.740000
78.540000 2.740000
78.560000 2.740000
78.580000 2.760000
78.600000 2.760000
78.620000 2.760000
78.640000 2.760000
78.660000 2.780000
78.680000 2.780000
78.700000 2.800000
78.720000 2.800000
78.740000 2.800000
78.760000 2.800000
78.780000 2.820000
78.800000 2.820000
78.820000 2.820000
78.840000 2.800000
78.860000 2.800000
78.880000 2.800000
78.900000 2.800000
78.920000 2.800000
78.940000 2.800000
78.960000 2.780000
78.980000 2.780000
79.000000 2.780000
79.020000 2.760000
79.040000 2.760000
79.060000 2.740000
79.080000 2.720000
79.100000 2.720000
79.120000 2.700000
79.140000 2.700000
79.160000 2.680000
79.180000 2.680000
79.200000 2.700000
79.220000 2.700000
79.240000 2.700000
79.260000 2.700000
79.280000 2.700000
79.300000 2.720000
79.320000 2.720000
79.340000 2.720000
79.360000 2.720000
79.380000 2.720000
79.400000 2.720000
79.420000 2.720000
79.440000 2.740000
79.460000 2.740000
79.480000 2.740000
79.500000 2.740000
79.520000 2.740000
79.540000 2.740000
79.560000 2.740000
79.580000 2.760000
79.600000 2.760000
79.620000 2.760000
79.640000 2.780000
79.660000 2.780000
79.680000 2.800000
79.700000 2.820000
79.720000 2.820000
79.740000 2.840000
79.760000 2.840000
79.780000 2.860000
79.800000 2.860000
79.820000 2.880000
79.840000 2.880000
79.860000 2.900000
79.880000 2.900000
79.900000 2.900000
79.920000 2.920000
79.940000 2.920000
79.960000 2.940000
79.980000 2.940000
80.000000 2.960000
80.020000 2.960000
80.040000 2.980000
80.060000 2.980000
80.080000 3.000000
80.100000 3.000000
80.120000 3.000000
80.140000 3.020000
80.160000 3.020000
80.180000 3.040000
80.200000 3.040000
80.220000 3.060000
80.240000 3.060000
80.260000 3.080000
80.280000 3.080000
80.300000 3.100000
80.320000 3.120000
80.340000 3.120000
80.360000 3.140000
80.380000 3.140000
80.400000 3.140000
80.420000 3.140000
80.440000 3.160000
80.460000 3.160000
80.480000 3.160000
80.500000 3.160000
80.520000 3.160000
80.540000 3.180000
80.560000 3.180000
80.580000 3.180000
80.600000 3.200000
80.620000 3.200000
80.640000 3.200000
80.660000 3.220000
80.680000 3.220000
80.700000 3.240000
80.720000 3.240000
80.740000 3.260000
80.760000 3.260000
80.780000 3.280000
80.800000 3.280000
80.820000 3.300000
80.840000 3.320000
80.860000 3.340000
80.880000 3.340000
80.900000 3.360000
80.920000 3.360000
80.940000 3.380000
80.960000 3.380000
80.980000 3.400000
81.000000 3.400000
81.020000 3.420000
81.040000 3.440000
81.060000 3.460000
81.080000 3.480000
81.100000 3.480000
81.120000 3.500000
81.140000 3.520000
81.160000 3.540000
81.180000 3.540000
81.200000 3.560000
81.220000 3.580000
81.240000 3.580000
81.260000 3.600000
81.280000 3.620000
81.300000 3.640000
81.320000 3.640000
81.340000 3.660000
81.360000 3.680000
81.380000 3.700000
81.400000 3.720000
81.420000 3.720000
81.440000 3.740000
81.460000 3.740000
81.480000 3.760000
81.500000 3.760000
81.520000 3.760000
81.540000 3.760000
81.560000 3.760000
81.580000 3.760000
81.600000 3.760000
81.620000 3.760000
81.640000 3.760000
81.660000 3.760000
81.680000 3.780000
81.700000 3.780000
81.720000 3.780000
81.740000 3.780000
81.760000 3.780000
81.780000 3.780000
81.800000 3.780000
81.820000 3.780000
81.840000 3.780000
81.860000 3.780000
81.880000 3.780000
81.900000 3.780000
81.920000 3.780000
81.940000 3.780000
81.960000 3.780000
81.980000 3.800000
82.000000 3.800000
82.020000 3.800000
82.040000 3.800000
82.060000 3.800000
82.080000 3.780000
82.100000 3.780000
82.120000 3.780000
82.140000 3.780000
82.160000 3.760000
82.180000 3.760000
82.200000 3.740000
82.220000 3.740000
82.240000 3.720000
82.260000 3.720000
82.280000 3.700000
82.300000 3.700000
82.320000 3.700000
82.340000 3.680000
82.360000 3.680000
82.380000 3.660000
82.400000 3.660000
82.420000 3.660000
82.440000 3.640000
82.460000 3.640000
82.480000 3.620000
82.500000 3.620000
82.520000 3.620000
82.540000 3.600000
82.560000 3.600000
82.580000 3.580000
82.600000 3.580000
82.620000 3.580000
82.640000 3.580000
82.660000 3.560000
82.680000 3.560000
82.700000 3.560000
82.720000 3.540000
82.740000 3.540000
82.760000 3.520000
82.780000 3.520000
82.800000 3.520000
82.820000 3.520000
82.840000 3.540000
82.860000 3.540000
82.880000 3.540000
82.900000 3.540000
82.920000 3.540000
82.940000 3.560000
82.960000 3.560000
82.980000 3.560000
83.000000 3.560000
83.020000 3.560000
83.040000 3.560000
83.060000 3.560000
83.080000 3.580000
83.100000 3.580000
83.120000 3.580000
83.140000 3.580000
83.160000 3.580000
83.180000 3.580000
83.200000 3.600000
83.220000 3.600000
83.240000 3.600000
83.260000 3.600000
83.280000 3.620000
83.300000 3.620000
83.320000 3.620000
83.340000 3.640000
83.360000 3.640000
83.380000 3.640000
83.400000 3.660000
83.420000 3.660000
83.440000 3.680000
83.460000 3.680000
83.480000 3.680000
83.500000 3.700000
83.520000 3.700000
83.540000 3.700000
83.560000 3.700000
83.580000 3.700000
83.600000 3.700000
83.620000 3.700000
83.640000 3.720000
83.660000 3.720000
83.680000 3.720000
83.700000 3.720000
83.720000 3.720000
83.740000 3.720000
83.760000 3.700000
83.780000 3.700000
83.800000 3.700000
83.820000 3.700000
83.840000 3.700000
83.860000 3.700000
83.880000 3.700000
83.900000 3.700000
83.920000 3.680000
83.940000 3.680000
83.960000 3.680000
83.980000 3.680000
84.000000 3.660000
84.020000 3.660000
84.040000 3.660000
84.060000 3.640000
84.080000 3.640000
84.100000 3.640000
84.120000 3.620000
84.140000 3.620000
84.160000 3.600000
84.180000 3.600000
84.200000 3.600000
84.220000 3.600000
84.240000 3.580000
84.260000 3.580000
84.280000 3.560000
84.300000 3.560000
84.320000 3.540000
84.340000 3.520000
84.360000 3.500000
84.380000 3.480000
84.400000 3.480000
84.420000 3.460000
84.440000 3.460000
84.460000 3.440000
84.480000 3.440000
84.500000 3.420000
84.520000 3.420000
84.540000 3.400000
84.560000 3.380000
84.580000 3.360000
84.600000 3.360000
84.620000 3.320000
84.640000 3.300000
84.660000 3.300000
84.680000 3.280000
84.700000 3.260000
84.720000 3.240000
84.740000 3.240000
84.760000 3.220000
84.780000 3.220000
84.800000 3.200000
84.820000 3.200000
84.840000 3.180000
84.860000 3.180000
84.880000 3.160000
84.900000 3.140000
84.920000 3.140000
84.940000 3.120000
84.960000 3.120000
84.980000 3.100000
85.000000 3.100000
85.020000 3.080000
85.040000 3.080000
85.060000 3.060000
85.080000 3.060000
85.100000 3.040000
85.120000 3.040000
85.140000 3.040000
85.160000 3.040000
85.180000 3.020000
85.200000 3.020000
85.220000 3.000000
85.240000 3.000000
85.260000 3.000000
85.280000 3.000000
85.300000 3.000000
85.320000 3.000000
85.340000 2.980000
85.360000 2.980000
85.380000 2.980000
85.400000 2.980000
85.420000 2.980000
85.440000 2.960000
85.460000 2.960000
85.480000 2.960000
85.500000 2.960000
85.520000 2.940000
85.540000 2.940000
85.560000 2.940000
85.580000 2.940000
85.600000 2.920000
85.620000 2.920000
85.640000 2.920000
85.660000 2.900000
85.680000 2.900000
85.700000 2.900000
85.720000 2.900000
85.740000 2.880000
85.760000 2.880000
85.780000 2.880000
85.800000 2.860000
85.820000 2.860000
85.840000 2.860000
85.860000 2.840000
85.880000 2.840000
85.900000 2.840000
85.920000 2.840000
85.940000 2.840000
85.960000 2.820000
85.980000 2.820000
86.000000 2.820000
86.020000 2.820000
86.040000 2.820000
86.060000 2.820000
86.080000 2.820000
86.100000 2.820000
86.120000 2.800000
86.140000 2.800000
86.160000 2.800000
86.180000 2.800000
86.200000 2.780000
86.220000 2.780000
86.240000 2.780000
86.260000 2.780000
86.280000 2.780000
86.300000 2.760000
86.320000 2.760000
86.340000 2.760000
86.360000 2.760000
86.380000 2.760000
86.400000 2.740000
86.420000 2.740000
86.440000 2.740000
86.460000 2.740000
86.480000 2.720000
86.500000 2.720000
86.520000 2.720000
86.540000 2.700000
86.560000 2.700000
86.580000 2.700000
86.600000 2.680000
86.620000 2.680000
86.640000 2.660000
86.660000 2.660000
86.680000 2.660000
86.700000 2.640000
86.720000 2.640000
86.740000 2.640000
86.760000 2.620000
86.780000 2.620000
86.800000 2.620000
86.820000 2.620000
86.840000 2.620000
86.860000 2.600000
86.880000 2.600000
86.900000 2.600000
86.920000 2.580000
86.940000 2.580000
86.960000 2.580000
86.980000 2.580000
87.000000 2.580000
87.020000 2.580000
87.040000 2.580000
87.060000 2.560000
87.080000 2.560000
87.100000 2.560000
87.120000 2.540000
87.140000 2.540000
87.160000 2.540000
87.180000 2.520000
87.200000 2.520000
87.220000 2.500000
87.240000 2.500000
87.260000 2.500000
87.280000 2.500000
87.300000 2.480000
87.320000 2.480000
87.340000 2.480000
87.360000 2.460000
87.380000 2.460000
87.400000 2.440000
87.420000 2.440000
87.440000 2.420000
87.460000 2.420000
87.480000 2.400000
87.500000 2.400000
87.520000 2.400000
87.540000 2.400000
87.560000 2.400000
87.580000 2.400000
87.600000 2.400000
87.620000 2.400000
87.640000 2.400000
87.660000 2.400000
87.680000 2.400000
87.700000 2.400000
87.720000 2.400000
87.740000 2.400000
87.760000 2.400000
87.780000 2.400000
87.800000 2.400000
87.820000 2.400000
87.840000 2.380000
87.860000 2.380000
87.880000 2.380000
87.900000 2.380000
87.920000 2.360000
87.940000 2.360000
87.960000 2.360000
87.980000 2.360000
88.000000 2.360000
88.020000 2.340000
88.040000 2.340000
88.060000 2.340000
88.080000 2.320000
88.100000 2.320000
88.120000 2.300000
88.140000 2.300000
88.160000 2.300000
88.180000 2.280000
88.200000 2.280000
88.220000 2.260000
88.240000 2.260000
88.260000 2.260000
88.280000 2.260000
88.300000 2.240000
88.320000 2.240000
88.340000 2.240000
88.360000 2.240000
88.380000 2.240000
88.400000 2.240000
88.420000 2.240000
88.440000 2.260000
88.460000 2.260000
88.480000 2.280000
88.500000 2.280000
88.520000 2.280000
88.540000 2.300000
88.560000 2.300000
88.580000 2.320000
88.600000 2.320000
88.620000 2.340000
88.640000 2.340000
88.660000 2.360000
88.680000 2.360000
88.700000 2.360000
88.720000 2.360000
88.740000 2.360000
88.760000 2.360000
88.780000 2.360000
88.800000 2.360000
88.820000 2.360000
88.840000 2.380000
88.860000 2.380000
88.880000 2.380000
88.900000 2.380000
88.920000 2.380000
88.940000 2.380000
88.960000 2.380000
88.980000 2.400000
89.000000 2.400000
89.020000 2.420000
89.040000 2.420000
89.060000 2.420000
89.080000 2.420000
89.100000 2.440000
89.120000 2.440000
89.140000 2.440000
89.160000 2.440000
89.180000 2.460000
89.200000 2.460000
89.220000 2.460000
89.240000 2.460000
89.260000 2.480000
89.280000 2.480000
89.300000 2.500000
89.320000 2.500000
89.340000 2.520000
89.360000 2.520000
89.380000 2.520000
89.400000 2.520000
89.420000 2.520000
89.440000 2.500000
89.460000 2.500000
89.480000 2.480000
89.500000 2.480000
89.520000 2.460000
89.540000 2.460000
89.560000 2.440000
89.580000 2.440000
89.600000 2.440000
89.620000 2.420000
89.640000 2.420000
89.660000 2.400000
89.680000 2.400000
89.700000 2.380000
89.720000 2.380000
89.740000 2.360000
89.760000 2.360000
89.780000 2.340000
89.800000 2.340000
89.820000 2.340000
89.840000 2.320000
89.860000 2.320000
89.880000 2.320000
89.900000 2.320000
89.920000 2.320000
89.940000 2.320000
89.960000 2.320000
89.980000 2.320000
90.000000 2.320000
90.020000 2.320000
90.040000 2.320000
90.060000 2.320000
90.080000 2.340000
90.100000 2.340000
90.120000 2.340000
90.140000 2.340000
90.160000 2.340000
90.180000 2.340000
90.200000 2.340000
90.220000 2.340000
90.240000 2.340000
90.260000 2.320000
90.280000 2.320000
90.300000 2.320000
90.320000 2.320000
90.340000 2.320000
90.360000 2.300000
90.380000 2.300000
90.400000 2.300000
90.420000 2.280000
90.440000 2.280000
90.460000 2.280000
90.480000 2.280000
90.500000 2.280000
90.520000 2.280000
90.540000 2.280000
90.560000 2.260000
90.580000 2.260000
90.600000 2.260000
90.620000 2.260000
90.640000 2.240000
90.660000 2.240000
90.680000 2.240000
90.700000 2.240000
90.720000 2.240000
90.740000 2.220000
90.760000 2.220000
90.780000 2.220000
90.800000 2.220000
90.820000 2.220000
90.840000 2.220000
90.860000 2.220000
90.880000 2.200000
90.900000 2.200000
90.920000 2.200000
90.940000 2.200000
90.960000 2.200000
90.980000 2.200000
91.000000 2.200000
91.020000 2.200000
91.040000 2.200000
91.060000 2.200000
91.080000 2.220000
91.100000 2.220000
91.120000 2.240000
91.140000 2.240000
91.160000 2.260000
91.180000 2.240000
91.200000 2.240000
91.220000 2.240000
91.240000 2.240000
91.260000 2.240000
91.280000 2.220000
91.300000 2.220000
91.320000 2.220000
91.340000 2.220000
91.360000 2.220000
91.380000 2.220000
91.400000 2.220000
91.420000 2.220000
91.440000 2.220000
91.460000 2.220000
91.480000 2.220000
91.500000 2.240000
91.520000 2.240000
91.540000 2.240000
91.560000 2.240000
91.580000 2.240000
91.600000 2.240000
91.620000 2.240000
91.640000 2.260000
91.660000 2.260000
91.680000 2.260000
91.700000 2.260000
91.720000 2.260000
91.740000 2.260000
91.760000 2.260000
91.780000 2.260000
91.800000 2.260000
91.820000 2.260000
91.840000 2.260000
91.860000 2.260000
91.880000 2.260000
91.900000 2.260000
91.920000 2.260000
91.940000 2.260000
91.960000 2.260000
91.980000 2.260000
92.000000 2.260000
92.020000 2.260000
92.040000 2.260000
92.060000 2.280000
92.080000 2.280000
92.100000 2.280000
92.120000 2.280000
92.140000 2.280000
92.160000 2.300000
92.180000 2.300000
92.200000 2.300000
92.220000 2.300000
92.240000 2.300000
92.260000 2.300000
92.280000 2.300000
92.300000 2.320000
92.320000 2.320000
92.340000 2.320000
92.360000 2.340000
92.380000 2.340000
92.400000 2.360000
92.420000 2.360000
92.440000 2.380000
92.460000 2.380000
92.480000 2.400000
92.500000 2.420000
92.520000 2.440000
92.540000 2.440000
92.560000 2.460000
92.580000 2.480000
92.600000 2.480000
92.620000 2.480000
92.640000 2.480000
92.660000 2.500000
92.680000 2.500000
92.700000 2.500000
92.720000 2.520000
92.740000 2.520000
92.760000 2.520000
92.780000 2.540000
92.800000 2.540000
92.820000 2.540000
92.840000 2.540000
92.860000 2.540000
92.880000 2.520000
92.900000 2.520000
92.920000 2.520000
92.940000 2.520000
92.960000 2.540000
92.980000 2.520000
93.000000 2.520000
93.020000 2.500000
93.040000 2.500000
93.060000 2.480000
93.080000 2.480000
93.100000 2.480000
93.120000 2.480000
93.140000 2.460000
93.160000 2.460000
93.180000 2.460000
93.200000 2.460000
93.220000 2.480000
93.240000 2.520000
93.260000 2.520000
93.280000 2.540000
93.300000 2.540000
93.320000 2.560000
93.340000 2.560000
93.360000 2.560000
93.380000 2.580000
93.400000 2.580000
93.420000 2.600000
93.440000 2.620000
93.460000 2.640000
93.480000 2.660000
93.500000 2.660000
93.520000 2.680000
93.540000 2.680000
93.560000 2.700000
93.580000 2.720000
93.600000 2.720000
93.620000 2.740000
93.640000 2.760000
93.660000 2.760000
93.680000 2.780000
93.700000 2.800000
93.720000 2.800000
93.740000 2.800000
93.760000 2.800000
93.780000 2.780000
93.800000 2.780000
93.820000 2.760000
93.840000 2.740000
93.860000 2.740000
93.880000 2.720000
93.900000 2.700000
93.920000 2.700000
93.940000 2.680000
93.960000 2.660000
93.980000 2.660000
94.000000 2.640000
94.020000 2.620000
94.040000 2.620000
94.060000 2.600000
94.080000 2.580000
94.100000 2.580000
94.120000 2.560000
94.140000 2.540000
94.160000 2.540000
94.180000 2.520000
94.200000 2.500000
94.220000 2.480000
94.240000 2.440000
94.260000 2.420000
94.280000 2.420000
94.300000 2.400000
94.320000 2.400000
94.340000 2.380000
94.360000 2.380000
94.380000 2.360000
94.400000 2.360000
94.420000 2.360000
94.440000 2.360000
94.460000 2.360000
94.480000 2.360000
94.500000 2.360000
94.520000 2.360000
94.540000 2.380000
94.560000 2.380000
94.580000 2.380000
94.600000 2.380000
94.620000 2.380000
94.640000 2.400000
94.660000 2.400000
94.680000 2.400000
94.700000 2.400000
94.720000 2.400000
94.740000 2.400000
94.760000 2.400000
94.780000 2.400000
94.800000 2.400000
94.820000 2.380000
94.840000 2.380000
94.860000 2.360000
94.880000 2.360000
94.900000 2.360000
94.920000 2.360000
94.940000 2.360000
94.960000 2.340000
94.980000 2.340000
95.000000 2.340000
95.020000 2.340000
95.040000 2.340000
95.060000 2.340000
95.080000 2.320000
95.100000 2.320000
95.120000 2.320000
95.140000 2.320000
95.160000 2.320000
95.180000 2.320000
95.200000 2.300000
95.220000 2.280000
95.240000 2.280000
95.260000 2.280000
95.280000 2.260000
95.300000 2.260000
95.320000 2.240000
95.340000 2.240000
95.360000 2.240000
95.380000 2.240000
95.400000 2.220000
95.420000 2.220000
95.440000 2.240000
95.460000 2.280000
95.480000 2.300000
95.500000 2.300000
95.520000 2.320000
95.540000 2.340000
95.560000 2.360000
95.580000 2.360000
95.600000 2.360000
95.620000 2.360000
95.640000 2.360000
95.660000 2.360000
95.680000 2.360000
95.700000 2.360000
95.720000 2.360000
95.740000 2.340000
95.760000 2.340000
95.780000 2.340000
95.800000 2.320000
95.820000 2.300000
95.840000 2.300000
95.860000 2.280000
95.880000 2.260000
95.900000 2.240000
95.920000 2.220000
95.940000 2.220000
95.960000 2.200000
95.980000 2.200000
96.000000 2.180000
96.020000 2.160000
96.040000 2.140000
96.060000 2.120000
96.080000 2.100000
96.100000 2.100000
96.120000 2.080000
96.140000 2.060000
96.160000 2.040000
96.180000 2.040000
96.200000 2.020000
96.220000 2.000000
96.240000 2.000000
96.260000 1.980000
96.280000 1.980000
96.300000 1.980000
96.320000 1.960000
96.340000 1.960000
96.360000 1.960000
96.380000 1.960000
96.400000 1.960000
96.420000 1.960000
96.440000 1.940000
96.460000 1.940000
96.480000 1.940000
96.500000 1.940000
96.520000 1.920000
96.540000 1.920000
96.560000 1.920000
96.580000 1.920000
96.600000 1.920000
96.620000 1.900000
96.640000 1.900000
96.660000 1.880000
96.680000 1.880000
96.700000 1.880000
96.720000 1.860000
96.740000 1.860000
96.760000 1.860000
96.780000 1.860000
96.800000 1.860000
96.820000 1.860000
96.840000 1.860000
96.860000 1.860000
96.880000 1.860000
96.900000 1.860000
96.920000 1.860000
96.940000 1.860000
96.960000 1.860000
96.980000 1.860000
97.000000 1.840000
97.020000 1.840000
97.040000 1.840000
97.060000 1.840000
97.080000 1.840000
97.100000 1.840000
97.120000 1.840000
97.140000 1.840000
97.160000 1.840000
97.180000 1.840000
97.200000 1.840000
97.220000 1.840000
97.240000 1.840000
97.260000 1.840000
97.280000 1.840000
97.300000 1.840000
97.320000 1.840000
97.340000 1.840000
97.360000 1.840000
97.380000 1.820000
97.400000 1.820000
97.420000 1.820000
97.440000 1.820000
97.460000 1.800000
97.480000 1.800000
97.500000 1.800000
97.520000 1.800000
97.540000 1.800000
97.560000 1.800000
97.580000 1.800000
97.600000 1.800000
97.620000 1.800000
97.640000 1.800000
97.660000 1.800000
97.680000 1.800000
97.700000 1.800000
97.720000 1.800000
97.740000 1.800000
97.760000 1.800000
97.780000 1.800000
97.800000 1.780000
97.820000 1.780000
97.840000 1.780000
97.860000 1.780000
97.880000 1.780000
97.900000 1.780000
97.920000 1.780000
97.940000 1.780000
97.960000 1.780000
97.980000 1.780000
98.000000 1.780000
98.020000 1.780000
98.040000 1.800000
98.060000 1.800000
98.080000 1.820000
98.100000 1.820000
98.120000 1.840000
98.140000 1.840000
98.160000 1.860000
98.180000 1.860000
98.200000 1.880000
98.220000 1.880000
98.240000 1.880000
98.260000 1.900000
98.280000 1.900000
98.300000 1.920000
98.320000 1.920000
98.340000 1.920000
98.360000 1.940000
98.380000 1.940000
98.400000 1.940000
98.420000 1.940000
98.440000 1.940000
98.460000 1.940000
98.480000 1.940000
98.500000 1.940000
98.520000 1.940000
98.540000 1.940000
98.560000 1.940000
98.580000 1.940000
98.600000 1.940000
98.620000 1.940000
98.640000 1.940000
98.660000 1.940000
98.680000 1.940000
98.700000 1.960000
98.720000 1.960000
98.740000 1.960000
98.760000 1.960000
98.780000 1.980000
98.800000 1.980000
98.820000 1.980000
98.840000 1.980000
98.860000 1.980000
98.880000 1.980000
98.900000 1.980000
98.920000 1.980000
98.940000 1.980000
98.960000 1.980000
98.980000 1.980000
99.000000 1.980000
99.020000 2.000000
99.040000 2.000000
99.060000 2.000000
99.080000 2.000000
99.100000 2.000000
99.120000 2.000000
99.140000 2.000000
99.160000 2.000000
99.180000 2.000000
99.200000 2.000000
99.220000 2.000000
99.240000 2.020000
99.260000 2.020000
99.280000 2.020000
99.300000 2.020000
99.320000 2.020000
99.340000 2.020000
99.360000 2.000000
99.380000 2.000000
99.400000 2.000000
99.420000 2.000000
99.440000 1.980000
99.460000 1.980000
99.480000 1.980000
99.500000 1.980000
99.520000 1.980000
99.540000 1.980000
99.560000 1.980000
99.580000 1.960000
99.600000 1.960000
99.620000 1.960000
99.640000 1.960000
99.660000 1.940000
99.680000 1.940000
99.700000 1.940000
99.720000 1.940000
99.740000 1.940000
99.760000 1.940000
99.780000 1.940000
99.800000 1.940000
99.820000 1.940000
99.840000 1.940000
99.860000 1.940000
99.880000 1.940000
99.900000 1.960000
99.920000 1.960000
99.940000 1.980000
99.960000 2.000000
99.980000 2.020000
