286225.250000 5915091.030000
2395.000000 2.000000
2395.000000 55.000000
25.000000 9.150000
25.015000 9.165000
25.030000 9.180000
25.045000 9.195000
25.060000 9.195000
25.075000 9.210000
25.090000 9.210000
25.105000 9.210000
25.120000 9.210000
25.135000 9.210000
25.150000 9.210000
25.165000 9.225000
25.180000 9.225000
25.195000 9.225000
25.210000 9.240000
25.225000 9.240000
25.240000 9.240000
25.255000 9.255000
25.270000 9.255000
25.285000 9.255000
25.300000 9.255000
25.315000 9.255000
25.330000 9.270000
25.345000 9.270000
25.360000 9.270000
25.375000 9.285000
25.390000 9.285000
25.405000 9.300000
25.420000 9.300000
25.435000 9.315000
25.450000 9.315000
25.465000 9.330000
25.480000 9.330000
25.495000 9.345000
25.510000 9.360000
25.525000 9.360000
25.540000 9.375000
25.555000 9.375000
25.570000 9.390000
25.585000 9.390000
25.600000 9.405000
25.615000 9.405000
25.630000 9.420000
25.645000 9.420000
25.660000 9.420000
25.675000 9.435000
25.690000 9.435000
25.705000 9.450000
25.720000 9.450000
25.735000 9.450000
25.750000 9.450000
25.765000 9.450000
25.780000 9.450000
25.795000 9.450000
25.810000 9.450000
25.825000 9.465000
25.840000 9.465000
25.855000 9.465000
25.870000 9.465000
25.885000 9.465000
25.900000 9.465000
25.915000 9.480000
25.930000 9.480000
25.945000 9.480000
25.960000 9.495000
25.975000 9.495000
25.990000 9.495000
26.005000 9.510000
26.020000 9.510000
26.035000 9.510000
26.050000 9.510000
26.065000 9.510000
26.080000 9.510000
26.095000 9.525000
26.110000 9.525000
26.125000 9.525000
26.140000 9.525000
26.155000 9.510000
26.170000 9.525000
26.185000 9.555000
26.200000 9.555000
26.215000 9.585000
26.230000 9.585000
26.245000 9.615000
26.260000 9.645000
26.275000 9.660000
26.290000 9.690000
26.305000 9.690000
26.320000 9.720000
26.335000 9.750000
26.350000 9.765000
26.365000 9.795000
26.380000 9.795000
26.395000 9.825000
26.410000 9.855000
26.425000 9.855000
26.440000 9.885000
26.455000 9.885000
26.470000 9.915000
26.485000 9.915000
26.500000 9.945000
26.515000 9.960000
26.530000 9.975000
26.545000 9.975000
26.560000 10.005000
26.575000 10.020000
26.590000 10.035000
26.605000 10.050000
26.620000 10.050000
26.635000 10.080000
26.650000 10.080000
26.665000 10.110000
26.680000 10.110000
26.695000 10.140000
26.710000 10.140000
26.725000 10.155000
26.740000 10.170000
26.755000 10.185000
26.770000 10.200000
26.785000 10.215000
26.800000 10.245000
26.815000 10.245000
26.830000 10.275000
26.845000 10.275000
26.860000 10.305000
26.875000 10.335000
26.890000 10.335000
26.905000 10.365000
26.920000 10.395000
26.935000 10.395000
26.950000 10.410000
26.965000 10.440000
26.980000 10.455000
26.995000 10.470000
27.010000 10.500000
27.025000 10.515000
27.040000 10.530000
27.055000 10.560000
27.070000 10.560000
27.085000 10.590000
27.100000 10.620000
27.115000 10.620000
27.130000 10.650000
27.145000 10.650000
27.160000 10.680000
27.175000 10.680000
27.190000 10.710000
27.205000 10.740000
27.220000 10.740000
27.235000 10.770000
27.250000 10.785000
27.265000 10.800000
27.280000 10.830000
27.295000 10.845000
27.310000 10.845000
27.325000 10.875000
27.340000 10.875000
27.355000 10.905000
27.370000 10.935000
27.385000 10.935000
27.400000 10.935000
27.415000 10.965000
27.430000 10.980000
27.445000 10.995000
27.460000 11.010000
27.475000 11.025000
27.490000 11.040000
27.505000 11.055000
27.520000 11.070000
27.535000 11.100000
27.550000 11.100000
27.565000 11.130000
27.580000 11.130000
27.595000 11.160000
27.610000 11.160000
27.625000 11.190000
27.640000 11.205000
27.655000 11.220000
27.670000 11.235000
27.685000 11.235000
27.700000 11.265000
27.715000 11.265000
27.730000 11.295000
27.745000 11.295000
27.760000 11.325000
27.775000 11.340000
27.790000 11.340000
27.805000 11.370000
27.820000 11.370000
27.835000 11.400000
27.850000 11.400000
27.865000 11.415000
27.880000 11.430000
27.895000 11.445000
27.910000 11.475000
27.925000 11.475000
27.940000 11.475000
27.955000 11.490000
27.970000 11.520000
27.985000 11.520000
28.000000 11.520000
28.015000 11.550000
28.030000 11.565000
28.045000 11.565000
28.060000 11.595000
28.075000 11.595000
28.090000 11.610000
28.105000 11.610000
28.120000 11.640000
28.135000 11.640000
28.150000 11.640000
28.165000 11.670000
28.180000 11.685000
28.195000 11.685000
28.210000 11.685000
28.225000 11.715000
28.240000 11.730000
28.255000 11.730000
28.270000 11.760000
28.285000 11.760000
28.300000 11.775000
28.315000 11.775000
28.330000 11.805000
28.345000 11.805000
28.360000 11.820000
28.375000 11.835000
28.390000 11.850000
28.405000 11.850000
28.420000 11.850000
28.435000 11.880000
28.450000 11.895000
28.465000 11.895000
28.480000 11.895000
28.495000 11.910000
28.510000 11.940000
28.525000 11.940000
28.540000 11.940000
28.555000 11.955000
28.570000 11.955000
28.585000 11.985000
28.600000 11.985000
28.615000 12.000000
28.630000 12.000000
28.645000 12.000000
28.660000 12.015000
28.675000 12.015000
28.690000 12.045000
28.705000 12.045000
28.720000 12.060000
28.735000 12.060000
28.750000 12.075000
28.765000 12.075000
28.780000 12.075000
28.795000 12.075000
28.810000 12.090000
28.825000 12.090000
28.840000 12.105000
28.855000 12.105000
28.870000 12.105000
28.885000 12.120000
28.900000 12.120000
28.915000 12.135000
28.930000 12.135000
28.945000 12.135000
28.960000 12.135000
28.975000 12.150000
28.990000 12.150000
29.005000 12.150000
29.020000 12.165000
29.035000 12.165000
29.050000 12.165000
29.065000 12.165000
29.080000 12.180000
29.095000 12.180000
29.110000 12.180000
29.125000 12.180000
29.140000 12.195000
29.155000 12.195000
29.170000 12.195000
29.185000 12.210000
29.200000 12.210000
29.215000 12.210000
29.230000 12.210000
29.245000 12.225000
29.260000 12.225000
29.275000 12.225000
29.290000 12.225000
29.305000 12.225000
29.320000 12.240000
29.335000 12.240000
29.350000 12.240000
29.365000 12.255000
29.380000 12.255000
29.395000 12.255000
29.410000 12.255000
29.425000 12.270000
29.440000 12.270000
29.455000 12.270000
29.470000 12.285000
29.485000 12.285000
29.500000 12.300000
29.515000 12.300000
29.530000 12.315000
29.545000 12.315000
29.560000 12.330000
29.575000 12.330000
29.590000 12.345000
29.605000 12.345000
29.620000 12.345000
29.635000 12.360000
29.650000 12.360000
29.665000 12.375000
29.680000 12.375000
29.695000 12.390000
29.710000 12.405000
29.725000 12.405000
29.740000 12.420000
29.755000 12.420000
29.770000 12.420000
29.785000 12.435000
29.800000 12.435000
29.815000 12.450000
29.830000 12.465000
29.845000 12.465000
29.860000 12.480000
29.875000 12.480000
29.890000 12.495000
29.905000 12.495000
29.920000 12.495000
29.935000 12.510000
29.950000 12.525000
29.965000 12.525000
29.980000 12.540000
29.995000 12.540000
30.010000 12.555000
30.025000 12.555000
30.040000 12.555000
30.055000 12.570000
30.070000 12.585000
30.085000 12.585000
30.100000 12.600000
30.115000 12.600000
30.130000 12.615000
30.145000 12.615000
30.160000 12.630000
30.175000 12.630000
30.190000 12.630000
30.205000 12.645000
30.220000 12.660000
30.235000 12.660000
30.250000 12.675000
30.265000 12.675000
30.280000 12.675000
30.295000 12.690000
30.310000 12.690000
30.325000 12.705000
30.340000 12.705000
30.355000 12.720000
30.370000 12.735000
30.385000 12.735000
30.400000 12.750000
30.415000 12.750000
30.430000 12.750000
30.445000 12.765000
30.460000 12.765000
30.475000 12.780000
30.490000 12.780000
30.505000 12.795000
30.520000 12.795000
30.535000 12.810000
30.550000 12.810000
30.565000 12.810000
30.580000 12.825000
30.595000 12.840000
30.610000 12.840000
30.625000 12.840000
30.640000 12.855000
30.655000 12.855000
30.670000 12.870000
30.685000 12.870000
30.700000 12.870000
30.715000 12.885000
30.730000 12.885000
30.745000 12.900000
30.760000 12.900000
30.775000 12.915000
30.790000 12.915000
30.805000 12.915000
30.820000 12.930000
30.835000 12.930000
30.850000 12.930000
30.865000 12.945000
30.880000 12.945000
30.895000 12.960000
30.910000 12.960000
30.925000 12.975000
30.940000 12.975000
30.955000 12.990000
30.970000 12.990000
30.985000 13.005000
31.000000 13.005000
31.015000 13.020000
31.030000 13.020000
31.045000 13.020000
31.060000 13.035000
31.075000 13.050000
31.090000 13.050000
31.105000 13.050000
31.120000 13.065000
31.135000 13.065000
31.150000 13.080000
31.165000 13.080000
31.180000 13.095000
31.195000 13.095000
31.210000 13.110000
31.225000 13.110000
31.240000 13.125000
31.255000 13.125000
31.270000 13.125000
31.285000 13.140000
31.300000 13.140000
31.315000 13.140000
31.330000 13.155000
31.345000 13.155000
31.360000 13.155000
31.375000 13.170000
31.390000 13.170000
31.405000 13.185000
31.420000 13.185000
31.435000 13.185000
31.450000 13.200000
31.465000 13.200000
31.480000 13.215000
31.495000 13.215000
31.510000 13.215000
31.525000 13.215000
31.540000 13.230000
31.555000 13.230000
31.570000 13.245000
31.585000 13.245000
31.600000 13.260000
31.615000 13.275000
31.630000 13.275000
31.645000 13.290000
31.660000 13.290000
31.675000 13.305000
31.690000 13.320000
31.705000 13.335000
31.720000 13.335000
31.735000 13.350000
31.750000 13.365000
31.765000 13.380000
31.780000 13.380000
31.795000 13.395000
31.810000 13.395000
31.825000 13.410000
31.840000 13.425000
31.855000 13.425000
31.870000 13.425000
31.885000 13.440000
31.900000 13.455000
31.915000 13.470000
31.930000 13.485000
31.945000 13.485000
31.960000 13.500000
31.975000 13.500000
31.990000 13.515000
32.005000 13.530000
32.020000 13.530000
32.035000 13.545000
32.050000 13.545000
32.065000 13.560000
32.080000 13.560000
32.095000 13.575000
32.110000 13.590000
32.125000 13.590000
32.140000 13.605000
32.155000 13.620000
32.170000 13.620000
32.185000 13.635000
32.200000 13.650000
32.215000 13.650000
32.230000 13.665000
32.245000 13.665000
32.260000 13.680000
32.275000 13.680000
32.290000 13.695000
32.305000 13.710000
32.320000 13.710000
32.335000 13.710000
32.350000 13.725000
32.365000 13.740000
32.380000 13.755000
32.395000 13.755000
32.410000 13.770000
32.425000 13.785000
32.440000 13.785000
32.455000 13.800000
32.470000 13.815000
32.485000 13.815000
32.500000 13.830000
32.515000 13.830000
32.530000 13.845000
32.545000 13.860000
32.560000 13.860000
32.575000 13.875000
32.590000 13.890000
32.605000 13.890000
32.620000 13.905000
32.635000 13.920000
32.650000 13.920000
32.665000 13.935000
32.680000 13.950000
32.695000 13.950000
32.710000 13.965000
32.725000 13.980000
32.740000 13.980000
32.755000 13.995000
32.770000 13.995000
32.785000 14.010000
32.800000 14.025000
32.815000 14.025000
32.830000 14.040000
32.845000 14.055000
32.860000 14.070000
32.875000 14.070000
32.890000 14.085000
32.905000 14.100000
32.920000 14.100000
32.935000 14.115000
32.950000 14.130000
32.965000 14.130000
32.980000 14.145000
32.995000 14.145000
33.010000 14.160000
33.025000 14.175000
33.040000 14.175000
33.055000 14.190000
33.070000 14.190000
33.085000 14.205000
33.100000 14.220000
33.115000 14.220000
33.130000 14.220000
33.145000 14.235000
33.160000 14.235000
33.175000 14.250000
33.190000 14.265000
33.205000 14.265000
33.220000 14.280000
33.235000 14.280000
33.250000 14.295000
33.265000 14.295000
33.280000 14.310000
33.295000 14.310000
33.310000 14.325000
33.325000 14.340000
33.340000 14.340000
33.355000 14.355000
33.370000 14.370000
33.385000 14.370000
33.400000 14.385000
33.415000 14.400000
33.430000 14.400000
33.445000 14.415000
33.460000 14.430000
33.475000 14.430000
33.490000 14.445000
33.505000 14.445000
33.520000 14.460000
33.535000 14.475000
33.550000 14.475000
33.565000 14.490000
33.580000 14.505000
33.595000 14.505000
33.610000 14.520000
33.625000 14.535000
33.640000 14.535000
33.655000 14.550000
33.670000 14.550000
33.685000 14.565000
33.700000 14.580000
33.715000 14.580000
33.730000 14.595000
33.745000 14.595000
33.760000 14.610000
33.775000 14.610000
33.790000 14.625000
33.805000 14.640000
33.820000 14.640000
33.835000 14.655000
33.850000 14.670000
33.865000 14.670000
33.880000 14.670000
33.895000 14.685000
33.910000 14.685000
33.925000 14.685000
33.940000 14.700000
33.955000 14.700000
33.970000 14.715000
33.985000 14.715000
34.000000 14.715000
34.015000 14.730000
34.030000 14.730000
34.045000 14.730000
34.060000 14.730000
34.075000 14.745000
34.090000 14.745000
34.105000 14.745000
34.120000 14.745000
34.135000 14.745000
34.150000 14.760000
34.165000 14.760000
34.180000 14.760000
34.195000 14.760000
34.210000 14.760000
34.225000 14.760000
34.240000 14.760000
34.255000 14.775000
34.270000 14.775000
34.285000 14.775000
34.300000 14.775000
34.315000 14.775000
34.330000 14.775000
34.345000 14.775000
34.360000 14.775000
34.375000 14.775000
34.390000 14.775000
34.405000 14.775000
34.420000 14.775000
34.435000 14.790000
34.450000 14.805000
34.465000 14.820000
34.480000 14.820000
34.495000 14.835000
34.510000 14.865000
34.525000 14.880000
34.540000 14.895000
34.555000 14.925000
34.570000 14.925000
34.585000 14.940000
34.600000 14.955000
34.615000 14.970000
34.630000 14.985000
34.645000 14.985000
34.660000 15.000000
34.675000 15.015000
34.690000 15.030000
34.705000 15.045000
34.720000 15.045000
34.735000 15.060000
34.750000 15.060000
34.765000 15.075000
34.780000 15.075000
34.795000 15.090000
34.810000 15.090000
34.825000 15.105000
34.840000 15.105000
34.855000 15.120000
34.870000 15.135000
34.885000 15.135000
34.900000 15.150000
34.915000 15.150000
34.930000 15.165000
34.945000 15.165000
34.960000 15.180000
34.975000 15.180000
34.990000 15.195000
35.005000 15.195000
35.020000 15.210000
35.035000 15.210000
35.050000 15.225000
35.065000 15.240000
35.080000 15.240000
35.095000 15.255000
35.110000 15.255000
35.125000 15.270000
35.140000 15.270000
35.155000 15.285000
35.170000 15.285000
35.185000 15.300000
35.200000 15.315000
35.215000 15.315000
35.230000 15.330000
35.245000 15.345000
35.260000 15.345000
35.275000 15.360000
35.290000 15.375000
35.305000 15.390000
35.320000 15.405000
35.335000 15.405000
35.350000 15.405000
35.365000 15.420000
35.380000 15.435000
35.395000 15.435000
35.410000 15.450000
35.425000 15.465000
35.440000 15.465000
35.455000 15.480000
35.470000 15.495000
35.485000 15.495000
35.500000 15.510000
35.515000 15.510000
35.530000 15.525000
35.545000 15.540000
35.560000 15.555000
35.575000 15.570000
35.590000 15.585000
35.605000 15.585000
35.620000 15.600000
35.635000 15.600000
35.650000 15.615000
35.665000 15.645000
35.680000 15.645000
35.695000 15.660000
35.710000 15.675000
35.725000 15.675000
35.740000 15.690000
35.755000 15.705000
35.770000 15.705000
35.785000 15.720000
35.800000 15.720000
35.815000 15.735000
35.830000 15.735000
35.845000 15.750000
35.860000 15.765000
35.875000 15.765000
35.890000 15.780000
35.905000 15.780000
35.920000 15.795000
35.935000 15.795000
35.950000 15.810000
35.965000 15.810000
35.980000 15.825000
35.995000 15.825000
36.010000 15.840000
36.025000 15.855000
36.040000 15.870000
36.055000 15.885000
36.070000 15.885000
36.085000 15.900000
36.100000 15.900000
36.115000 15.915000
36.130000 15.930000
36.145000 15.945000
36.160000 15.945000
36.175000 15.960000
36.190000 15.975000
36.205000 15.975000
36.220000 15.990000
36.235000 15.990000
36.250000 16.005000
36.265000 16.005000
36.280000 16.005000
36.295000 16.020000
36.310000 16.020000
36.325000 16.035000
36.340000 16.035000
36.355000 16.050000
36.370000 16.050000
36.385000 16.065000
36.400000 16.065000
36.415000 16.065000
36.430000 16.080000
36.445000 16.095000
36.460000 16.095000
36.475000 16.110000
36.490000 16.110000
36.505000 16.125000
36.520000 16.125000
36.535000 16.140000
36.550000 16.155000
36.565000 16.155000
36.580000 16.170000
36.595000 16.170000
36.610000 16.185000
36.625000 16.185000
36.640000 16.200000
36.655000 16.215000
36.670000 16.215000
36.685000 16.230000
36.700000 16.245000
36.715000 16.245000
36.730000 16.260000
36.745000 16.275000
36.760000 16.275000
36.775000 16.290000
36.790000 16.290000
36.805000 16.305000
36.820000 16.305000
36.835000 16.320000
36.850000 16.335000
36.865000 16.335000
36.880000 16.350000
36.895000 16.350000
36.910000 16.350000
36.925000 16.365000
36.940000 16.365000
36.955000 16.380000
36.970000 16.380000
36.985000 16.380000
37.000000 16.395000
37.015000 16.395000
37.030000 16.395000
37.045000 16.395000
37.060000 16.395000
37.075000 16.395000
37.090000 16.395000
37.105000 16.410000
37.120000 16.425000
37.135000 16.425000
37.150000 16.440000
37.165000 16.440000
37.180000 16.455000
37.195000 16.455000
37.210000 16.470000
37.225000 16.470000
37.240000 16.485000
37.255000 16.485000
37.270000 16.500000
37.285000 16.515000
37.300000 16.530000
37.315000 16.530000
37.330000 16.545000
37.345000 16.545000
37.360000 16.545000
37.375000 16.560000
37.390000 16.560000
37.405000 16.575000
37.420000 16.575000
37.435000 16.575000
37.450000 16.590000
37.465000 16.590000
37.480000 16.590000
37.495000 16.605000
37.510000 16.605000
37.525000 16.620000
37.540000 16.620000
37.555000 16.620000
37.570000 16.635000
37.585000 16.635000
37.600000 16.635000
37.615000 16.650000
37.630000 16.650000
37.645000 16.650000
37.660000 16.650000
37.675000 16.665000
37.690000 16.665000
37.705000 16.665000
37.720000 16.665000
37.735000 16.665000
37.750000 16.680000
37.765000 16.680000
37.780000 16.680000
37.795000 16.680000
37.810000 16.680000
37.825000 16.695000
37.840000 16.695000
37.855000 16.710000
37.870000 16.710000
37.885000 16.725000
37.900000 16.725000
37.915000 16.725000
37.930000 16.710000
37.945000 16.725000
37.960000 16.710000
37.975000 16.695000
37.990000 16.695000
38.005000 16.680000
38.020000 16.680000
38.035000 16.665000
38.050000 16.665000
38.065000 16.665000
38.080000 16.680000
38.095000 16.695000
38.110000 16.695000
38.125000 16.695000
38.140000 16.695000
38.155000 16.695000
38.170000 16.680000
38.185000 16.680000
38.200000 16.680000
38.215000 16.665000
38.230000 16.665000
38.245000 16.665000
38.260000 16.665000
38.275000 16.665000
38.290000 16.665000
38.305000 16.665000
38.320000 16.665000
38.335000 16.665000
38.350000 16.665000
38.365000 16.665000
38.380000 16.665000
38.395000 16.665000
38.410000 16.650000
38.425000 16.650000
38.440000 16.650000
38.455000 16.650000
38.470000 16.650000
38.485000 16.650000
38.500000 16.650000
38.515000 16.650000
38.530000 16.650000
38.545000 16.650000
38.560000 16.650000
38.575000 16.650000
38.590000 16.650000
38.605000 16.650000
38.620000 16.635000
38.635000 16.635000
38.650000 16.635000
38.665000 16.635000
38.680000 16.635000
38.695000 16.635000
38.710000 16.635000
38.725000 16.635000
38.740000 16.635000
38.755000 16.635000
38.770000 16.635000
38.785000 16.635000
38.800000 16.635000
38.815000 16.635000
38.830000 16.635000
38.845000 16.635000
38.860000 16.635000
38.875000 16.635000
38.890000 16.635000
38.905000 16.635000
38.920000 16.635000
38.935000 16.635000
38.950000 16.635000
38.965000 16.635000
38.980000 16.635000
38.995000 16.635000
39.010000 16.635000
39.025000 16.635000
39.040000 16.635000
39.055000 16.635000
39.070000 16.635000
39.085000 16.635000
39.100000 16.635000
39.115000 16.635000
39.130000 16.635000
39.145000 16.635000
39.160000 16.635000
39.175000 16.635000
39.190000 16.635000
39.205000 16.635000
39.220000 16.635000
39.235000 16.635000
39.250000 16.635000
39.265000 16.635000
39.280000 16.635000
39.295000 16.635000
39.310000 16.635000
39.325000 16.635000
39.340000 16.635000
39.355000 16.635000
39.370000 16.650000
39.385000 16.650000
39.400000 16.650000
39.415000 16.650000
39.430000 16.650000
39.445000 16.650000
39.460000 16.650000
39.475000 16.650000
39.490000 16.650000
39.505000 16.665000
39.520000 16.665000
39.535000 16.665000
39.550000 16.665000
39.565000 16.665000
39.580000 16.665000
39.595000 16.680000
39.610000 16.680000
39.625000 16.680000
39.640000 16.680000
39.655000 16.695000
39.670000 16.695000
39.685000 16.695000
39.700000 16.695000
39.715000 16.710000
39.730000 16.710000
39.745000 16.710000
39.760000 16.710000
39.775000 16.725000
39.790000 16.725000
39.805000 16.725000
39.820000 16.740000
39.835000 16.740000
39.850000 16.740000
39.865000 16.740000
39.880000 16.755000
39.895000 16.755000
39.910000 16.755000
39.925000 16.770000
39.940000 16.770000
39.955000 16.785000
39.970000 16.785000
39.985000 16.785000
40.000000 16.800000
40.015000 16.800000
40.030000 16.800000
40.045000 16.800000
40.060000 16.815000
40.075000 16.815000
40.090000 16.830000
40.105000 16.830000
40.120000 16.830000
40.135000 16.845000
40.150000 16.845000
40.165000 16.860000
40.180000 16.860000
40.195000 16.860000
40.210000 16.875000
40.225000 16.875000
40.240000 16.890000
40.255000 16.890000
40.270000 16.905000
40.285000 16.905000
40.300000 16.920000
40.315000 16.920000
40.330000 16.935000
40.345000 16.935000
40.360000 16.950000
40.375000 16.950000
40.390000 16.965000
40.405000 16.965000
40.420000 16.980000
40.435000 16.980000
40.450000 16.995000
40.465000 17.010000
40.480000 17.040000
40.495000 17.070000
40.510000 17.100000
40.525000 17.130000
40.540000 17.145000
40.555000 17.145000
40.570000 17.145000
40.585000 17.145000
40.600000 17.145000
40.615000 17.145000
40.630000 17.145000
40.645000 17.145000
40.660000 17.145000
40.675000 17.160000
40.690000 17.160000
40.705000 17.160000
40.720000 17.160000
40.735000 17.160000
40.750000 17.160000
40.765000 17.160000
40.780000 17.160000
40.795000 17.175000
40.810000 17.175000
40.825000 17.175000
40.840000 17.175000
40.855000 17.175000
40.870000 17.175000
40.885000 17.175000
40.900000 17.160000
40.915000 17.160000
40.930000 17.160000
40.945000 17.160000
40.960000 17.160000
40.975000 17.145000
40.990000 17.145000
41.005000 17.145000
41.020000 17.145000
41.035000 17.130000
41.050000 17.130000
41.065000 17.130000
41.080000 17.130000
41.095000 17.145000
41.110000 17.130000
41.125000 17.130000
41.140000 17.130000
41.155000 17.130000
41.170000 17.130000
41.185000 17.130000
41.200000 17.130000
41.215000 17.130000
41.230000 17.130000
41.245000 17.130000
41.260000 17.130000
41.275000 17.130000
41.290000 17.130000
41.305000 17.115000
41.320000 17.115000
41.335000 17.115000
41.350000 17.130000
41.365000 17.130000
41.380000 17.130000
41.395000 17.130000
41.410000 17.130000
41.425000 17.130000
41.440000 17.130000
41.455000 17.130000
41.470000 17.130000
41.485000 17.130000
41.500000 17.130000
41.515000 17.130000
41.530000 17.130000
41.545000 17.130000
41.560000 17.130000
41.575000 17.130000
41.590000 17.130000
41.605000 17.145000
41.620000 17.145000
41.635000 17.145000
41.650000 17.145000
41.665000 17.145000
41.680000 17.160000
41.695000 17.160000
41.710000 17.160000
41.725000 17.160000
41.740000 17.160000
41.755000 17.160000
41.770000 17.160000
41.785000 17.160000
41.800000 17.175000
41.815000 17.175000
41.830000 17.175000
41.845000 17.175000
41.860000 17.175000
41.875000 17.175000
41.890000 17.190000
41.905000 17.190000
41.920000 17.190000
41.935000 17.190000
41.950000 17.190000
41.965000 17.190000
41.980000 17.205000
41.995000 17.205000
42.010000 17.205000
42.025000 17.205000
42.040000 17.205000
42.055000 17.205000
42.070000 17.205000
42.085000 17.205000
42.100000 17.205000
42.115000 17.205000
42.130000 17.205000
42.145000 17.205000
42.160000 17.205000
42.175000 17.205000
42.190000 17.205000
42.205000 17.205000
42.220000 17.205000
42.235000 17.205000
42.250000 17.205000
42.265000 17.205000
42.280000 17.205000
42.295000 17.205000
42.310000 17.190000
42.325000 17.190000
42.340000 17.190000
42.355000 17.190000
42.370000 17.190000
42.385000 17.190000
42.400000 17.190000
42.415000 17.190000
42.430000 17.190000
42.445000 17.190000
42.460000 17.175000
42.475000 17.175000
42.490000 17.175000
42.505000 17.175000
42.520000 17.175000
42.535000 17.175000
42.550000 17.175000
42.565000 17.175000
42.580000 17.175000
42.595000 17.175000
42.610000 17.175000
42.625000 17.175000
42.640000 17.175000
42.655000 17.175000
42.670000 17.175000
42.685000 17.175000
42.700000 17.175000
42.715000 17.160000
42.730000 17.160000
42.745000 17.160000
42.760000 17.160000
42.775000 17.160000
42.790000 17.160000
42.805000 17.160000
42.820000 17.160000
42.835000 17.160000
42.850000 17.160000
42.865000 17.160000
42.880000 17.160000
42.895000 17.160000
42.910000 17.160000
42.925000 17.160000
42.940000 17.160000
42.955000 17.160000
42.970000 17.160000
42.985000 17.160000
43.000000 17.160000
43.015000 17.145000
43.030000 17.145000
43.045000 17.145000
43.060000 17.145000
43.075000 17.145000
43.090000 17.130000
43.105000 17.130000
43.120000 17.130000
43.135000 17.130000
43.150000 17.130000
43.165000 17.115000
43.180000 17.115000
43.195000 17.115000
43.210000 17.115000
43.225000 17.100000
43.240000 17.100000
43.255000 17.100000
43.270000 17.085000
43.285000 17.085000
43.300000 17.085000
43.315000 17.085000
43.330000 17.085000
43.345000 17.070000
43.360000 17.070000
43.375000 17.070000
43.390000 17.055000
43.405000 17.055000
43.420000 17.055000
43.435000 17.055000
43.450000 17.055000
43.465000 17.040000
43.480000 17.040000
43.495000 17.040000
43.510000 17.025000
43.525000 17.025000
43.540000 17.025000
43.555000 17.010000
43.570000 17.010000
43.585000 17.010000
43.600000 16.995000
43.615000 16.995000
43.630000 16.980000
43.645000 16.980000
43.660000 16.980000
43.675000 16.965000
43.690000 16.965000
43.705000 16.950000
43.720000 16.950000
43.735000 16.935000
43.750000 16.935000
43.765000 16.935000
43.780000 16.920000
43.795000 16.920000
43.810000 16.905000
43.825000 16.905000
43.840000 16.905000
43.855000 16.890000
43.870000 16.890000
43.885000 16.890000
43.900000 16.890000
43.915000 16.875000
43.930000 16.875000
43.945000 16.875000
43.960000 16.875000
43.975000 16.875000
43.990000 16.875000
44.005000 16.875000
44.020000 16.875000
44.035000 16.875000
44.050000 16.860000
44.065000 16.860000
44.080000 16.860000
44.095000 16.860000
44.110000 16.860000
44.125000 16.845000
44.140000 16.845000
44.155000 16.845000
44.170000 16.830000
44.185000 16.830000
44.200000 16.830000
44.215000 16.830000
44.230000 16.815000
44.245000 16.815000
44.260000 16.815000
44.275000 16.800000
44.290000 16.800000
44.305000 16.800000
44.320000 16.785000
44.335000 16.785000
44.350000 16.785000
44.365000 16.770000
44.380000 16.770000
44.395000 16.770000
44.410000 16.755000
44.425000 16.755000
44.440000 16.755000
44.455000 16.740000
44.470000 16.740000
44.485000 16.740000
44.500000 16.725000
44.515000 16.725000
44.530000 16.710000
44.545000 16.710000
44.560000 16.710000
44.575000 16.695000
44.590000 16.695000
44.605000 16.695000
44.620000 16.680000
44.635000 16.680000
44.650000 16.680000
44.665000 16.665000
44.680000 16.665000
44.695000 16.665000
44.710000 16.650000
44.725000 16.650000
44.740000 16.650000
44.755000 16.635000
44.770000 16.635000
44.785000 16.620000
44.800000 16.620000
44.815000 16.605000
44.830000 16.605000
44.845000 16.605000
44.860000 16.590000
44.875000 16.590000
44.890000 16.575000
44.905000 16.575000
44.920000 16.560000
44.935000 16.560000
44.950000 16.545000
44.965000 16.545000
44.980000 16.545000
44.995000 16.530000
45.010000 16.530000
45.025000 16.515000
45.040000 16.515000
45.055000 16.500000
45.070000 16.500000
45.085000 16.485000
45.100000 16.485000
45.115000 16.470000
45.130000 16.470000
45.145000 16.455000
45.160000 16.455000
45.175000 16.440000
45.190000 16.440000
45.205000 16.425000
45.220000 16.425000
45.235000 16.410000
45.250000 16.410000
45.265000 16.395000
45.280000 16.395000
45.295000 16.395000
45.310000 16.380000
45.325000 16.380000
45.340000 16.365000
45.355000 16.365000
45.370000 16.365000
45.385000 16.350000
45.400000 16.350000
45.415000 16.335000
45.430000 16.335000
45.445000 16.320000
45.460000 16.320000
45.475000 16.305000
45.490000 16.305000
45.505000 16.290000
45.520000 16.290000
45.535000 16.290000
45.550000 16.275000
45.565000 16.275000
45.580000 16.260000
45.595000 16.260000
45.610000 16.245000
45.625000 16.245000
45.640000 16.245000
45.655000 16.230000
45.670000 16.230000
45.685000 16.215000
45.700000 16.215000
45.715000 16.215000
45.730000 16.200000
45.745000 16.200000
45.760000 16.200000
45.775000 16.185000
45.790000 16.185000
45.805000 16.170000
45.820000 16.170000
45.835000 16.170000
45.850000 16.155000
45.865000 16.155000
45.880000 16.155000
45.895000 16.140000
45.910000 16.140000
45.925000 16.140000
45.940000 16.125000
45.955000 16.125000
45.970000 16.125000
45.985000 16.110000
46.000000 16.110000
46.015000 16.110000
46.030000 16.095000
46.045000 16.095000
46.060000 16.095000
46.075000 16.080000
46.090000 16.080000
46.105000 16.065000
46.120000 16.065000
46.135000 16.065000
46.150000 16.050000
46.165000 16.050000
46.180000 16.035000
46.195000 16.035000
46.210000 16.035000
46.225000 16.020000
46.240000 16.020000
46.255000 16.020000
46.270000 16.020000
46.285000 16.020000
46.300000 16.020000
46.315000 16.020000
46.330000 16.020000
46.345000 16.020000
46.360000 16.035000
46.375000 16.035000
46.390000 16.035000
46.405000 16.035000
46.420000 16.035000
46.435000 16.035000
46.450000 16.035000
46.465000 16.020000
46.480000 16.020000
46.495000 16.020000
46.510000 16.020000
46.525000 16.020000
46.540000 16.020000
46.555000 16.020000
46.570000 16.020000
46.585000 16.020000
46.600000 16.020000
46.615000 16.020000
46.630000 16.020000
46.645000 16.020000
46.660000 16.005000
46.675000 16.005000
46.690000 16.005000
46.705000 16.005000
46.720000 16.005000
46.735000 16.005000
46.750000 16.005000
46.765000 16.005000
46.780000 16.005000
46.795000 15.990000
46.810000 15.990000
46.825000 15.990000
46.840000 15.990000
46.855000 15.990000
46.870000 15.990000
46.885000 15.975000
46.900000 15.975000
46.915000 15.975000
46.930000 15.975000
46.945000 15.975000
46.960000 15.975000
46.975000 15.960000
46.990000 15.960000
47.005000 15.960000
47.020000 15.960000
47.035000 15.960000
47.050000 15.960000
47.065000 15.945000
47.080000 15.945000
47.095000 15.945000
47.110000 15.945000
47.125000 15.930000
47.140000 15.930000
47.155000 15.930000
47.170000 15.930000
47.185000 15.930000
47.200000 15.915000
47.215000 15.915000
47.230000 15.915000
47.245000 15.900000
47.260000 15.900000
47.275000 15.900000
47.290000 15.900000
47.305000 15.885000
47.320000 15.885000
47.335000 15.885000
47.350000 15.870000
47.365000 15.870000
47.380000 15.855000
47.395000 15.855000
47.410000 15.855000
47.425000 15.840000
47.440000 15.840000
47.455000 15.840000
47.470000 15.825000
47.485000 15.825000
47.500000 15.810000
47.515000 15.810000
47.530000 15.795000
47.545000 15.795000
47.560000 15.780000
47.575000 15.765000
47.590000 15.765000
47.605000 15.750000
47.620000 15.735000
47.635000 15.735000
47.650000 15.720000
47.665000 15.720000
47.680000 15.705000
47.695000 15.690000
47.710000 15.690000
47.725000 15.675000
47.740000 15.660000
47.755000 15.660000
47.770000 15.645000
47.785000 15.630000
47.800000 15.630000
47.815000 15.615000
47.830000 15.600000
47.845000 15.600000
47.860000 15.585000
47.875000 15.585000
47.890000 15.570000
47.905000 15.555000
47.920000 15.555000
47.935000 15.540000
47.950000 15.525000
47.965000 15.525000
47.980000 15.510000
47.995000 15.510000
48.010000 15.495000
48.025000 15.480000
48.040000 15.480000
48.055000 15.465000
48.070000 15.450000
48.085000 15.450000
48.100000 15.435000
48.115000 15.420000
48.130000 15.420000
48.145000 15.405000
48.160000 15.390000
48.175000 15.390000
48.190000 15.375000
48.205000 15.375000
48.220000 15.360000
48.235000 15.345000
48.250000 15.345000
48.265000 15.330000
48.280000 15.330000
48.295000 15.315000
48.310000 15.300000
48.325000 15.300000
48.340000 15.285000
48.355000 15.285000
48.370000 15.270000
48.385000 15.255000
48.400000 15.255000
48.415000 15.240000
48.430000 15.225000
48.445000 15.225000
48.460000 15.210000
48.475000 15.210000
48.490000 15.195000
48.505000 15.180000
48.520000 15.180000
48.535000 15.165000
48.550000 15.165000
48.565000 15.150000
48.580000 15.135000
48.595000 15.135000
48.610000 15.120000
48.625000 15.120000
48.640000 15.105000
48.655000 15.105000
48.670000 15.090000
48.685000 15.075000
48.700000 15.075000
48.715000 15.060000
48.730000 15.060000
48.745000 15.045000
48.760000 15.045000
48.775000 15.030000
48.790000 15.030000
48.805000 15.015000
48.820000 15.015000
48.835000 15.000000
48.850000 15.000000
48.865000 14.985000
48.880000 14.970000
48.895000 14.970000
48.910000 14.970000
48.925000 14.955000
48.940000 14.955000
48.955000 14.940000
48.970000 14.940000
48.985000 14.925000
49.000000 14.925000
49.015000 14.925000
49.030000 14.910000
49.045000 14.910000
49.060000 14.895000
49.075000 14.895000
49.090000 14.880000
49.105000 14.880000
49.120000 14.865000
49.135000 14.865000
49.150000 14.850000
49.165000 14.850000
49.180000 14.835000
49.195000 14.835000
49.210000 14.820000
49.225000 14.820000
49.240000 14.805000
49.255000 14.805000
49.270000 14.790000
49.285000 14.790000
49.300000 14.790000
49.315000 14.775000
49.330000 14.760000
49.345000 14.760000
49.360000 14.745000
49.375000 14.745000
49.390000 14.730000
49.405000 14.730000
49.420000 14.730000
49.435000 14.715000
49.450000 14.700000
49.465000 14.700000
49.480000 14.685000
49.495000 14.685000
49.510000 14.670000
49.525000 14.670000
49.540000 14.670000
49.555000 14.655000
49.570000 14.655000
49.585000 14.640000
49.600000 14.640000
49.615000 14.625000
49.630000 14.625000
49.645000 14.610000
49.660000 14.610000
49.675000 14.610000
49.690000 14.595000
49.705000 14.595000
49.720000 14.580000
49.735000 14.580000
49.750000 14.580000
49.765000 14.580000
49.780000 14.565000
49.795000 14.565000
49.810000 14.565000
49.825000 14.550000
49.840000 14.550000
49.855000 14.550000
49.870000 14.535000
49.885000 14.535000
49.900000 14.535000
49.915000 14.535000
49.930000 14.520000
49.945000 14.520000
49.960000 14.520000
49.975000 14.505000
49.990000 14.520000
50.005000 14.535000
50.020000 14.535000
50.035000 14.580000
50.050000 14.595000
50.065000 14.610000
50.080000 14.640000
50.095000 14.625000
50.110000 14.625000
50.125000 14.625000
50.140000 14.640000
50.155000 14.625000
50.170000 14.595000
50.185000 14.565000
50.200000 14.550000
50.215000 14.520000
50.230000 14.520000
50.245000 14.505000
50.260000 14.505000
50.275000 14.490000
50.290000 14.475000
50.305000 14.475000
50.320000 14.460000
50.335000 14.445000
50.350000 14.445000
50.365000 14.445000
50.380000 14.430000
50.395000 14.430000
50.410000 14.415000
50.425000 14.400000
50.440000 14.400000
50.455000 14.400000
50.470000 14.385000
50.485000 14.385000
50.500000 14.370000
50.515000 14.370000
50.530000 14.370000
50.545000 14.370000
50.560000 14.370000
50.575000 14.355000
50.590000 14.355000
50.605000 14.355000
50.620000 14.355000
50.635000 14.340000
50.650000 14.340000
50.665000 14.340000
50.680000 14.340000
50.695000 14.340000
50.710000 14.325000
50.725000 14.325000
50.740000 14.325000
50.755000 14.310000
50.770000 14.310000
50.785000 14.310000
50.800000 14.310000
50.815000 14.310000
50.830000 14.295000
50.845000 14.295000
50.860000 14.295000
50.875000 14.280000
50.890000 14.280000
50.905000 14.280000
50.920000 14.280000
50.935000 14.265000
50.950000 14.265000
50.965000 14.265000
50.980000 14.250000
50.995000 14.250000
51.010000 14.250000
51.025000 14.250000
51.040000 14.235000
51.055000 14.235000
51.070000 14.220000
51.085000 14.220000
51.100000 14.220000
51.115000 14.220000
51.130000 14.220000
51.145000 14.205000
51.160000 14.205000
51.175000 14.205000
51.190000 14.205000
51.205000 14.205000
51.220000 14.205000
51.235000 14.205000
51.250000 14.205000
51.265000 14.205000
51.280000 14.205000
51.295000 14.205000
51.310000 14.190000
51.325000 14.190000
51.340000 14.175000
51.355000 14.175000
51.370000 14.175000
51.385000 14.160000
51.400000 14.160000
51.415000 14.160000
51.430000 14.160000
51.445000 14.145000
51.460000 14.130000
51.475000 14.130000
51.490000 14.130000
51.505000 14.115000
51.520000 14.115000
51.535000 14.115000
51.550000 14.115000
51.565000 14.100000
51.580000 14.100000
51.595000 14.100000
51.610000 14.100000
51.625000 14.085000
51.640000 14.085000
51.655000 14.085000
51.670000 14.070000
51.685000 14.070000
51.700000 14.070000
51.715000 14.070000
51.730000 14.055000
51.745000 14.055000
51.760000 14.055000
51.775000 14.055000
51.790000 14.055000
51.805000 14.055000
51.820000 14.055000
51.835000 14.040000
51.850000 14.040000
51.865000 14.040000
51.880000 14.025000
51.895000 14.025000
51.910000 14.025000
51.925000 14.025000
51.940000 14.010000
51.955000 14.010000
51.970000 14.010000
51.985000 13.995000
52.000000 13.995000
52.015000 13.995000
52.030000 13.980000
52.045000 13.980000
52.060000 13.980000
52.075000 13.980000
52.090000 13.980000
52.105000 13.965000
52.120000 13.965000
52.135000 13.965000
52.150000 13.965000
52.165000 13.965000
52.180000 13.950000
52.195000 13.950000
52.210000 13.950000
52.225000 13.950000
52.240000 13.950000
52.255000 13.935000
52.270000 13.935000
52.285000 13.935000
52.300000 13.935000
52.315000 13.935000
52.330000 13.935000
52.345000 13.935000
52.360000 13.920000
52.375000 13.920000
52.390000 13.920000
52.405000 13.920000
52.420000 13.920000
52.435000 13.920000
52.450000 13.920000
52.465000 13.920000
52.480000 13.905000
52.495000 13.905000
52.510000 13.905000
52.525000 13.905000
52.540000 13.905000
52.555000 13.920000
52.570000 13.920000
52.585000 13.935000
52.600000 13.935000
52.615000 13.935000
52.630000 13.935000
52.645000 13.935000
52.660000 13.950000
52.675000 13.965000
52.690000 13.965000
52.705000 13.980000
52.720000 13.980000
52.735000 13.980000
52.750000 13.995000
52.765000 13.995000
52.780000 14.010000
52.795000 14.010000
52.810000 14.025000
52.825000 14.040000
52.840000 14.040000
52.855000 14.040000
52.870000 14.055000
52.885000 14.055000
52.900000 14.070000
52.915000 14.070000
52.930000 14.085000
52.945000 14.085000
52.960000 14.100000
52.975000 14.100000
52.990000 14.100000
53.005000 14.115000
53.020000 14.115000
53.035000 14.130000
53.050000 14.130000
53.065000 14.145000
53.080000 14.145000
53.095000 14.160000
53.110000 14.160000
53.125000 14.175000
53.140000 14.175000
53.155000 14.190000
53.170000 14.190000
53.185000 14.205000
53.200000 14.205000
53.215000 14.220000
53.230000 14.220000
53.245000 14.220000
53.260000 14.235000
53.275000 14.235000
53.290000 14.250000
53.305000 14.250000
53.320000 14.265000
53.335000 14.265000
53.350000 14.280000
53.365000 14.295000
53.380000 14.295000
53.395000 14.295000
53.410000 14.310000
53.425000 14.310000
53.440000 14.325000
53.455000 14.325000
53.470000 14.340000
53.485000 14.340000
53.500000 14.355000
53.515000 14.355000
53.530000 14.370000
53.545000 14.370000
53.560000 14.385000
53.575000 14.385000
53.590000 14.385000
53.605000 14.400000
53.620000 14.400000
53.635000 14.415000
53.650000 14.415000
53.665000 14.430000
53.680000 14.430000
53.695000 14.430000
53.710000 14.445000
53.725000 14.445000
53.740000 14.460000
53.755000 14.460000
53.770000 14.475000
53.785000 14.475000
53.800000 14.475000
53.815000 14.490000
53.830000 14.490000
53.845000 14.505000
53.860000 14.505000
53.875000 14.520000
53.890000 14.520000
53.905000 14.520000
53.920000 14.535000
53.935000 14.535000
53.950000 14.550000
53.965000 14.550000
53.980000 14.565000
53.995000 14.565000
54.010000 14.565000
54.025000 14.580000
54.040000 14.580000
54.055000 14.595000
54.070000 14.595000
54.085000 14.610000
54.100000 14.610000
54.115000 14.625000
54.130000 14.625000
54.145000 14.625000
54.160000 14.640000
54.175000 14.640000
54.190000 14.655000
54.205000 14.655000
54.220000 14.670000
54.235000 14.670000
54.250000 14.670000
54.265000 14.685000
54.280000 14.685000
54.295000 14.700000
54.310000 14.700000
54.325000 14.715000
54.340000 14.715000
54.355000 14.715000
54.370000 14.730000
54.385000 14.730000
54.400000 14.730000
54.415000 14.745000
54.430000 14.745000
54.445000 14.760000
54.460000 14.760000
54.475000 14.775000
54.490000 14.775000
54.505000 14.775000
54.520000 14.790000
54.535000 14.790000
54.550000 14.805000
54.565000 14.805000
54.580000 14.805000
54.595000 14.820000
54.610000 14.820000
54.625000 14.820000
54.640000 14.835000
54.655000 14.835000
54.670000 14.850000
54.685000 14.850000
54.700000 14.865000
54.715000 14.865000
54.730000 14.865000
54.745000 14.880000
54.760000 14.880000
54.775000 14.895000
54.790000 14.895000
54.805000 14.895000
54.820000 14.910000
54.835000 14.910000
54.850000 14.910000
54.865000 14.925000
54.880000 14.925000
54.895000 14.940000
54.910000 14.940000
54.925000 14.940000
54.940000 14.955000
54.955000 14.955000
54.970000 14.955000
54.985000 14.970000
