-67.748400 -23.304520
4376.000000 1.000000
5.000000 210.000000
130.000000 9.960000
130.040000 9.960000
130.080000 9.960000
130.120000 9.960000
130.160000 9.920000
130.200000 9.920000
130.240000 9.920000
130.280000 9.920000
130.320000 9.920000
130.360000 9.920000
130.400000 9.880000
130.440000 9.880000
130.480000 9.880000
130.520000 9.880000
130.560000 9.840000
130.600000 9.840000
130.640000 9.840000
130.680000 9.800000
130.720000 9.800000
130.760000 9.800000
130.800000 9.760000
130.840000 9.760000
130.880000 9.720000
130.920000 9.720000
130.960000 9.720000
131.000000 9.680000
131.040000 9.680000
131.080000 9.640000
131.120000 9.640000
131.160000 9.640000
131.200000 9.640000
131.240000 9.600000
131.280000 9.600000
131.320000 9.560000
131.360000 9.560000
131.400000 9.520000
131.440000 9.520000
131.480000 9.520000
131.520000 9.480000
131.560000 9.480000
131.600000 9.440000
131.640000 9.440000
131.680000 9.440000
131.720000 9.440000
131.760000 9.400000
131.800000 9.400000
131.840000 9.360000
131.880000 9.360000
131.920000 9.320000
131.960000 9.320000
132.000000 9.280000
132.040000 9.280000
132.080000 9.280000
132.120000 9.240000
132.160000 9.240000
132.200000 9.200000
132.240000 9.200000
132.280000 9.200000
132.320000 9.160000
132.360000 9.160000
132.400000 9.120000
132.440000 9.120000
132.480000 9.080000
132.520000 9.080000
132.560000 9.040000
132.600000 9.040000
132.640000 9.000000
132.680000 9.000000
132.720000 9.000000
132.760000 9.000000
132.800000 9.040000
132.840000 9.040000
132.880000 9.080000
132.920000 9.080000
132.960000 9.120000
133.000000 9.120000
133.040000 9.120000
133.080000 9.160000
133.120000 9.160000
133.160000 9.200000
133.200000 9.200000
133.240000 9.240000
133.280000 9.240000
133.320000 9.280000
133.360000 9.280000
133.400000 9.280000
133.440000 9.320000
133.480000 9.320000
133.520000 9.320000
133.560000 9.320000
133.600000 9.320000
133.640000 9.320000
133.680000 9.320000
133.720000 9.320000
133.760000 9.320000
133.800000 9.280000
133.840000 9.280000
133.880000 9.280000
133.920000 9.280000
133.960000 9.280000
134.000000 9.280000
134.040000 9.280000
134.080000 9.240000
134.120000 9.240000
134.160000 9.240000
134.200000 9.240000
134.240000 9.240000
134.280000 9.240000
134.320000 9.200000
134.360000 9.240000
134.400000 9.240000
134.440000 9.240000
134.480000 9.240000
134.520000 9.280000
134.560000 9.280000
134.600000 9.320000
134.640000 9.320000
134.680000 9.360000
134.720000 9.360000
134.760000 9.400000
134.800000 9.440000
134.840000 9.440000
134.880000 9.480000
134.920000 9.480000
134.960000 9.480000
135.000000 9.480000
135.040000 9.480000
135.080000 9.480000
135.120000 9.480000
135.160000 9.440000
135.200000 9.440000
135.240000 9.400000
135.280000 9.400000
135.320000 9.400000
135.360000 9.360000
135.400000 9.360000
135.440000 9.360000
135.480000 9.360000
135.520000 9.360000
135.560000 9.400000
135.600000 9.400000
135.640000 9.400000
135.680000 9.360000
135.720000 9.320000
135.760000 9.320000
135.800000 9.320000
135.840000 9.320000
135.880000 9.320000
135.920000 9.320000
135.960000 9.320000
136.000000 9.320000
136.040000 9.320000
136.080000 9.320000
136.120000 9.320000
136.160000 9.280000
136.200000 9.280000
136.240000 9.280000
136.280000 9.240000
136.320000 9.240000
136.360000 9.240000
136.400000 9.240000
136.440000 9.240000
136.480000 9.200000
136.520000 9.200000
136.560000 9.160000
136.600000 9.160000
136.640000 9.120000
136.680000 9.080000
136.720000 9.080000
136.760000 9.040000
136.800000 9.000000
136.840000 8.960000
136.880000 8.960000
136.920000 8.920000
136.960000 8.920000
137.000000 8.920000
137.040000 8.880000
137.080000 8.880000
137.120000 8.880000
137.160000 8.880000
137.200000 8.880000
137.240000 8.840000
137.280000 8.840000
137.320000 8.840000
137.360000 8.840000
137.400000 8.840000
137.440000 8.800000
137.480000 8.800000
137.520000 8.760000
137.560000 8.760000
137.600000 8.760000
137.640000 8.720000
137.680000 8.720000
137.720000 8.720000
137.760000 8.680000
137.800000 8.680000
137.840000 8.680000
137.880000 8.680000
137.920000 8.640000
137.960000 8.640000
138.000000 8.640000
138.040000 8.640000
138.080000 8.600000
138.120000 8.600000
138.160000 8.600000
138.200000 8.600000
138.240000 8.560000
138.280000 8.560000
138.320000 8.520000
138.360000 8.520000
138.400000 8.480000
138.440000 8.480000
138.480000 8.440000
138.520000 8.440000
138.560000 8.440000
138.600000 8.400000
138.640000 8.400000
138.680000 8.360000
138.720000 8.360000
138.760000 8.320000
138.800000 8.320000
138.840000 8.320000
138.880000 8.320000
138.920000 8.280000
138.960000 8.280000
139.000000 8.280000
139.040000 8.240000
139.080000 8.240000
139.120000 8.240000
139.160000 8.240000
139.200000 8.200000
139.240000 8.200000
139.280000 8.200000
139.320000 8.200000
139.360000 8.200000
139.400000 8.160000
139.440000 8.160000
139.480000 8.160000
139.520000 8.160000
139.560000 8.160000
139.600000 8.160000
139.640000 8.160000
139.680000 8.160000
139.720000 8.120000
139.760000 8.120000
139.800000 8.120000
139.840000 8.120000
139.880000 8.120000
139.920000 8.080000
139.960000 8.080000
140.000000 8.080000
140.040000 8.080000
140.080000 8.080000
140.120000 8.080000
140.160000 8.080000
140.200000 8.080000
140.240000 8.080000
140.280000 8.080000
140.320000 8.080000
140.360000 8.040000
140.400000 8.040000
140.440000 8.040000
140.480000 8.040000
140.520000 8.040000
140.560000 8.040000
140.600000 8.040000
140.640000 8.000000
140.680000 8.000000
140.720000 8.000000
140.760000 8.000000
140.800000 8.000000
140.840000 7.960000
140.880000 7.960000
140.920000 7.960000
140.960000 7.960000
141.000000 7.960000
141.040000 7.960000
141.080000 7.960000
141.120000 7.920000
141.160000 7.920000
141.200000 7.920000
141.240000 7.920000
141.280000 7.920000
141.320000 7.920000
141.360000 7.920000
141.400000 7.920000
141.440000 7.920000
141.480000 7.920000
141.520000 7.920000
141.560000 7.920000
141.600000 7.920000
141.640000 7.920000
141.680000 7.920000
141.720000 7.920000
141.760000 7.920000
141.800000 7.920000
141.840000 7.920000
141.880000 7.920000
141.920000 7.960000
141.960000 7.960000
142.000000 7.920000
142.040000 7.920000
142.080000 7.960000
142.120000 7.960000
142.160000 7.960000
142.200000 7.920000
142.240000 7.920000
142.280000 7.920000
142.320000 7.960000
142.360000 7.920000
142.400000 7.920000
142.440000 7.920000
142.480000 7.920000
142.520000 7.920000
142.560000 7.920000
142.600000 7.880000
142.640000 7.880000
142.680000 7.880000
142.720000 7.880000
142.760000 7.880000
142.800000 7.880000
142.840000 7.840000
142.880000 7.840000
142.920000 7.840000
142.960000 7.840000
143.000000 7.840000
143.040000 7.840000
143.080000 7.840000
143.120000 7.840000
143.160000 7.840000
143.200000 7.840000
143.240000 7.840000
143.280000 7.840000
143.320000 7.840000
143.360000 7.840000
143.400000 7.840000
143.440000 7.840000
143.480000 7.840000
143.520000 7.840000
143.560000 7.840000
143.600000 7.840000
143.640000 7.800000
143.680000 7.800000
143.720000 7.800000
143.760000 7.800000
143.800000 7.800000
143.840000 7.800000
143.880000 7.760000
143.920000 7.760000
143.960000 7.760000
144.000000 7.760000
144.040000 7.760000
144.080000 7.720000
144.120000 7.720000
144.160000 7.680000
144.200000 7.680000
144.240000 7.680000
144.280000 7.640000
144.320000 7.640000
144.360000 7.640000
144.400000 7.600000
144.440000 7.600000
144.480000 7.600000
144.520000 7.600000
144.560000 7.600000
144.600000 7.560000
144.640000 7.560000
144.680000 7.560000
144.720000 7.560000
144.760000 7.520000
144.800000 7.520000
144.840000 7.520000
144.880000 7.520000
144.920000 7.520000
144.960000 7.480000
145.000000 7.480000
145.040000 7.480000
145.080000 7.480000
145.120000 7.440000
145.160000 7.440000
145.200000 7.440000
145.240000 7.440000
145.280000 7.440000
145.320000 7.440000
145.360000 7.440000
145.400000 7.440000
145.440000 7.400000
145.480000 7.400000
145.520000 7.400000
145.560000 7.400000
145.600000 7.400000
145.640000 7.400000
145.680000 7.360000
145.720000 7.360000
145.760000 7.360000
145.800000 7.360000
145.840000 7.320000
145.880000 7.320000
145.920000 7.320000
145.960000 7.320000
146.000000 7.280000
146.040000 7.280000
146.080000 7.280000
146.120000 7.280000
146.160000 7.240000
146.200000 7.240000
146.240000 7.240000
146.280000 7.240000
146.320000 7.240000
146.360000 7.240000
146.400000 7.240000
146.440000 7.200000
146.480000 7.200000
146.520000 7.200000
146.560000 7.200000
146.600000 7.200000
146.640000 7.160000
146.680000 7.160000
146.720000 7.160000
146.760000 7.160000
146.800000 7.160000
146.840000 7.120000
146.880000 7.120000
146.920000 7.120000
146.960000 7.120000
147.000000 7.120000
147.040000 7.080000
147.080000 7.080000
147.120000 7.080000
147.160000 7.080000
147.200000 7.080000
147.240000 7.080000
147.280000 7.080000
147.320000 7.120000
147.360000 7.120000
147.400000 7.120000
147.440000 7.120000
147.480000 7.120000
147.520000 7.120000
147.560000 7.120000
147.600000 7.080000
147.640000 7.080000
147.680000 7.080000
147.720000 7.080000
147.760000 7.080000
147.800000 7.080000
147.840000 7.080000
147.880000 7.080000
147.920000 7.080000
147.960000 7.080000
148.000000 7.080000
148.040000 7.080000
148.080000 7.080000
148.120000 7.080000
148.160000 7.080000
148.200000 7.080000
148.240000 7.080000
148.280000 7.080000
148.320000 7.080000
148.360000 7.040000
148.400000 7.040000
148.440000 7.040000
148.480000 7.040000
148.520000 7.000000
148.560000 7.000000
148.600000 7.000000
148.640000 7.000000
148.680000 7.000000
148.720000 7.000000
148.760000 6.960000
148.800000 6.960000
148.840000 6.960000
148.880000 6.960000
148.920000 6.960000
148.960000 6.920000
149.000000 6.920000
149.040000 6.920000
149.080000 6.880000
149.120000 6.880000
149.160000 6.880000
149.200000 6.880000
149.240000 6.880000
149.280000 6.880000
149.320000 6.840000
149.360000 6.840000
149.400000 6.840000
149.440000 6.840000
149.480000 6.840000
149.520000 6.840000
149.560000 6.840000
149.600000 6.840000
149.640000 6.840000
149.680000 6.800000
149.720000 6.800000
149.760000 6.800000
149.800000 6.800000
149.840000 6.760000
149.880000 6.760000
149.920000 6.760000
149.960000 6.760000
150.000000 6.720000
150.040000 6.720000
150.080000 6.720000
150.120000 6.720000
150.160000 6.720000
150.200000 6.680000
150.240000 6.680000
150.280000 6.680000
150.320000 6.680000
150.360000 6.640000
150.400000 6.640000
150.440000 6.640000
150.480000 6.600000
150.520000 6.600000
150.560000 6.600000
150.600000 6.600000
150.640000 6.560000
150.680000 6.560000
150.720000 6.560000
150.760000 6.520000
150.800000 6.520000
150.840000 6.520000
150.880000 6.520000
150.920000 6.560000
150.960000 6.560000
151.000000 6.560000
151.040000 6.600000
151.080000 6.600000
151.120000 6.640000
151.160000 6.640000
151.200000 6.680000
151.240000 6.680000
151.280000 6.720000
151.320000 6.720000
151.360000 6.760000
151.400000 6.760000
151.440000 6.800000
151.480000 6.800000
151.520000 6.840000
151.560000 6.840000
151.600000 6.880000
151.640000 6.920000
151.680000 6.920000
151.720000 6.960000
151.760000 6.960000
151.800000 7.000000
151.840000 7.040000
151.880000 7.040000
151.920000 7.080000
151.960000 7.080000
152.000000 7.120000
152.040000 7.120000
152.080000 7.160000
152.120000 7.160000
152.160000 7.200000
152.200000 7.200000
152.240000 7.200000
152.280000 7.240000
152.320000 7.280000
152.360000 7.320000
152.400000 7.320000
152.440000 7.360000
152.480000 7.360000
152.520000 7.400000
152.560000 7.400000
152.600000 7.440000
152.640000 7.480000
152.680000 7.480000
152.720000 7.520000
152.760000 7.520000
152.800000 7.560000
152.840000 7.560000
152.880000 7.600000
152.920000 7.600000
152.960000 7.640000
153.000000 7.680000
153.040000 7.680000
153.080000 7.720000
153.120000 7.720000
153.160000 7.760000
153.200000 7.760000
153.240000 7.800000
153.280000 7.800000
153.320000 7.840000
153.360000 7.840000
153.400000 7.880000
153.440000 7.880000
153.480000 7.920000
153.520000 7.960000
153.560000 7.960000
153.600000 8.000000
153.640000 8.000000
153.680000 8.040000
153.720000 8.080000
153.760000 8.080000
153.800000 8.120000
153.840000 8.160000
153.880000 8.160000
153.920000 8.200000
153.960000 8.200000
154.000000 8.240000
154.040000 8.280000
154.080000 8.280000
154.120000 8.320000
154.160000 8.320000
154.200000 8.320000
154.240000 8.360000
154.280000 8.360000
154.320000 8.400000
154.360000 8.400000
154.400000 8.440000
154.440000 8.440000
154.480000 8.480000
154.520000 8.520000
154.560000 8.520000
154.600000 8.560000
154.640000 8.560000
154.680000 8.600000
154.720000 8.600000
154.760000 8.640000
154.800000 8.680000
154.840000 8.680000
154.880000 8.720000
154.920000 8.720000
154.960000 8.760000
155.000000 8.760000
155.040000 8.800000
155.080000 8.840000
155.120000 8.840000
155.160000 8.880000
155.200000 8.880000
155.240000 8.880000
155.280000 8.920000
155.320000 8.920000
155.360000 8.960000
155.400000 8.960000
155.440000 9.000000
155.480000 9.000000
155.520000 9.040000
155.560000 9.080000
155.600000 9.080000
155.640000 9.080000
155.680000 9.120000
155.720000 9.160000
155.760000 9.160000
155.800000 9.160000
155.840000 9.200000
155.880000 9.200000
155.920000 9.200000
155.960000 9.200000
156.000000 9.200000
156.040000 9.240000
156.080000 9.240000
156.120000 9.240000
156.160000 9.240000
156.200000 9.240000
156.240000 9.240000
156.280000 9.280000
156.320000 9.280000
156.360000 9.280000
156.400000 9.280000
156.440000 9.320000
156.480000 9.320000
156.520000 9.320000
156.560000 9.320000
156.600000 9.320000
156.640000 9.320000
156.680000 9.320000
156.720000 9.320000
156.760000 9.320000
156.800000 9.320000
156.840000 9.320000
156.880000 9.320000
156.920000 9.320000
156.960000 9.320000
157.000000 9.320000
157.040000 9.320000
157.080000 9.320000
157.120000 9.320000
157.160000 9.320000
157.200000 9.320000
157.240000 9.320000
157.280000 9.280000
157.320000 9.280000
157.360000 9.280000
157.400000 9.240000
157.440000 9.240000
157.480000 9.240000
157.520000 9.200000
157.560000 9.200000
157.600000 9.200000
157.640000 9.160000
157.680000 9.160000
157.720000 9.160000
157.760000 9.160000
157.800000 9.160000
157.840000 9.160000
157.880000 9.160000
157.920000 9.160000
157.960000 9.160000
158.000000 9.160000
158.040000 9.160000
158.080000 9.160000
158.120000 9.160000
158.160000 9.160000
158.200000 9.160000
158.240000 9.160000
158.280000 9.160000
158.320000 9.120000
158.360000 9.120000
158.400000 9.120000
158.440000 9.120000
158.480000 9.120000
158.520000 9.120000
158.560000 9.120000
158.600000 9.120000
158.640000 9.080000
158.680000 9.120000
158.720000 9.120000
158.760000 9.120000
158.800000 9.120000
158.840000 9.120000
158.880000 9.120000
158.920000 9.120000
158.960000 9.120000
159.000000 9.120000
159.040000 9.120000
159.080000 9.120000
159.120000 9.120000
159.160000 9.080000
159.200000 9.080000
159.240000 9.080000
159.280000 9.080000
159.320000 9.080000
159.360000 9.080000
159.400000 9.080000
159.440000 9.080000
159.480000 9.080000
159.520000 9.080000
159.560000 9.080000
159.600000 9.080000
159.640000 9.120000
159.680000 9.120000
159.720000 9.120000
159.760000 9.120000
159.800000 9.120000
159.840000 9.160000
159.880000 9.160000
159.920000 9.160000
159.960000 9.160000
160.000000 9.160000
160.040000 9.160000
160.080000 9.200000
160.120000 9.200000
160.160000 9.160000
160.200000 9.160000
160.240000 9.160000
160.280000 9.120000
160.320000 9.120000
160.360000 9.120000
160.400000 9.120000
160.440000 9.120000
160.480000 9.120000
160.520000 9.120000
160.560000 9.120000
160.600000 9.120000
160.640000 9.120000
160.680000 9.120000
160.720000 9.120000
160.760000 9.160000
160.800000 9.160000
160.840000 9.160000
160.880000 9.200000
160.920000 9.200000
160.960000 9.200000
161.000000 9.200000
161.040000 9.200000
161.080000 9.160000
161.120000 9.160000
161.160000 9.160000
161.200000 9.160000
161.240000 9.160000
161.280000 9.160000
161.320000 9.160000
161.360000 9.160000
161.400000 9.160000
161.440000 9.120000
161.480000 9.120000
161.520000 9.120000
161.560000 9.120000
161.600000 9.120000
161.640000 9.120000
161.680000 9.120000
161.720000 9.080000
161.760000 9.080000
161.800000 9.080000
161.840000 9.080000
161.880000 9.080000
161.920000 9.080000
161.960000 9.080000
162.000000 9.080000
162.040000 9.120000
162.080000 9.120000
162.120000 9.120000
162.160000 9.120000
162.200000 9.160000
162.240000 9.160000
162.280000 9.160000
162.320000 9.160000
162.360000 9.160000
162.400000 9.160000
162.440000 9.160000
162.480000 9.160000
162.520000 9.200000
162.560000 9.200000
162.600000 9.200000
162.640000 9.200000
162.680000 9.200000
162.720000 9.240000
162.760000 9.240000
162.800000 9.240000
162.840000 9.240000
162.880000 9.240000
162.920000 9.280000
162.960000 9.280000
163.000000 9.280000
163.040000 9.280000
163.080000 9.320000
163.120000 9.320000
163.160000 9.320000
163.200000 9.360000
163.240000 9.360000
163.280000 9.360000
163.320000 9.360000
163.360000 9.360000
163.400000 9.360000
163.440000 9.360000
163.480000 9.360000
163.520000 9.360000
163.560000 9.360000
163.600000 9.360000
163.640000 9.320000
163.680000 9.320000
163.720000 9.320000
163.760000 9.280000
163.800000 9.280000
163.840000 9.280000
163.880000 9.280000
163.920000 9.280000
163.960000 9.280000
164.000000 9.280000
164.040000 9.280000
164.080000 9.280000
164.120000 9.280000
164.160000 9.280000
164.200000 9.280000
164.240000 9.280000
164.280000 9.240000
164.320000 9.240000
164.360000 9.240000
164.400000 9.200000
164.440000 9.200000
164.480000 9.160000
164.520000 9.120000
164.560000 9.080000
164.600000 9.080000
164.640000 9.040000
164.680000 9.040000
164.720000 9.000000
164.760000 9.000000
164.800000 8.960000
164.840000 8.960000
164.880000 8.960000
164.920000 8.920000
164.960000 8.920000
165.000000 8.920000
165.040000 8.920000
165.080000 8.920000
165.120000 8.880000
165.160000 8.880000
165.200000 8.880000
165.240000 8.880000
165.280000 8.840000
165.320000 8.840000
165.360000 8.840000
165.400000 8.840000
165.440000 8.840000
165.480000 8.840000
165.520000 8.840000
165.560000 8.840000
165.600000 8.840000
165.640000 8.840000
165.680000 8.840000
165.720000 8.840000
165.760000 8.840000
165.800000 8.840000
165.840000 8.840000
165.880000 8.840000
165.920000 8.840000
165.960000 8.840000
166.000000 8.800000
166.040000 8.800000
166.080000 8.800000
166.120000 8.800000
166.160000 8.800000
166.200000 8.800000
166.240000 8.800000
166.280000 8.800000
166.320000 8.800000
166.360000 8.800000
166.400000 8.800000
166.440000 8.800000
166.480000 8.800000
166.520000 8.800000
166.560000 8.800000
166.600000 8.800000
166.640000 8.800000
166.680000 8.800000
166.720000 8.800000
166.760000 8.800000
166.800000 8.800000
166.840000 8.840000
166.880000 8.840000
166.920000 8.840000
166.960000 8.880000
167.000000 8.880000
167.040000 8.880000
167.080000 8.920000
167.120000 8.920000
167.160000 8.960000
167.200000 8.960000
167.240000 8.960000
167.280000 9.000000
167.320000 9.000000
167.360000 9.000000
167.400000 9.040000
167.440000 9.040000
167.480000 9.040000
167.520000 9.080000
167.560000 9.080000
167.600000 9.080000
167.640000 9.120000
167.680000 9.120000
167.720000 9.160000
167.760000 9.160000
167.800000 9.160000
167.840000 9.240000
167.880000 9.240000
167.920000 9.280000
167.960000 9.280000
168.000000 9.320000
168.040000 9.360000
168.080000 9.360000
168.120000 9.400000
168.160000 9.400000
168.200000 9.400000
168.240000 9.400000
168.280000 9.440000
168.320000 9.440000
168.360000 9.440000
168.400000 9.480000
168.440000 9.480000
168.480000 9.480000
168.520000 9.520000
168.560000 9.520000
168.600000 9.520000
168.640000 9.560000
168.680000 9.560000
168.720000 9.600000
168.760000 9.600000
168.800000 9.600000
168.840000 9.640000
168.880000 9.640000
168.920000 9.640000
168.960000 9.640000
169.000000 9.680000
169.040000 9.680000
169.080000 9.680000
169.120000 9.680000
169.160000 9.720000
169.200000 9.720000
169.240000 9.720000
169.280000 9.760000
169.320000 9.760000
169.360000 9.760000
169.400000 9.800000
169.440000 9.800000
169.480000 9.800000
169.520000 9.800000
169.560000 9.800000
169.600000 9.840000
169.640000 9.840000
169.680000 9.840000
169.720000 9.840000
169.760000 9.880000
169.800000 9.880000
169.840000 9.880000
169.880000 9.880000
169.920000 9.920000
169.960000 9.920000
170.000000 9.920000
170.040000 9.920000
170.080000 9.920000
170.120000 9.960000
170.160000 9.960000
170.200000 9.960000
170.240000 9.960000
170.280000 9.960000
170.320000 9.960000
170.360000 10.000000
170.400000 10.000000
170.440000 10.000000
170.480000 10.000000
170.520000 10.000000
170.560000 10.000000
170.600000 10.040000
170.640000 10.040000
170.680000 10.040000
170.720000 10.040000
170.760000 10.040000
170.800000 10.040000
170.840000 10.080000
170.880000 10.080000
170.920000 10.080000
170.960000 10.080000
171.000000 10.080000
171.040000 10.080000
171.080000 10.080000
171.120000 10.080000
171.160000 10.080000
171.200000 10.080000
171.240000 10.080000
171.280000 10.080000
171.320000 10.080000
171.360000 10.080000
171.400000 10.080000
171.440000 10.080000
171.480000 10.080000
171.520000 10.080000
171.560000 10.080000
171.600000 10.080000
171.640000 10.080000
171.680000 10.080000
171.720000 10.080000
171.760000 10.080000
171.800000 10.080000
171.840000 10.080000
171.880000 10.080000
171.920000 10.080000
171.960000 10.080000
172.000000 10.040000
172.040000 10.040000
172.080000 10.040000
172.120000 10.040000
172.160000 10.040000
172.200000 10.040000
172.240000 10.040000
172.280000 10.040000
172.320000 10.040000
172.360000 10.040000
172.400000 10.040000
172.440000 10.040000
172.480000 10.040000
172.520000 10.040000
172.560000 10.040000
172.600000 10.040000
172.640000 10.040000
172.680000 10.040000
172.720000 10.040000
172.760000 10.040000
172.800000 10.040000
172.840000 10.040000
172.880000 10.040000
172.920000 10.040000
172.960000 10.040000
173.000000 10.040000
173.040000 10.040000
173.080000 10.040000
173.120000 10.040000
173.160000 10.040000
173.200000 10.040000
173.240000 10.040000
173.280000 10.040000
173.320000 10.040000
173.360000 10.000000
173.400000 10.000000
173.440000 10.000000
173.480000 10.000000
173.520000 10.000000
173.560000 10.000000
173.600000 10.000000
173.640000 10.000000
173.680000 9.960000
173.720000 9.960000
173.760000 9.960000
173.800000 9.920000
173.840000 9.920000
173.880000 9.920000
173.920000 9.880000
173.960000 9.880000
174.000000 9.880000
174.040000 9.840000
174.080000 9.840000
174.120000 9.840000
174.160000 9.840000
174.200000 9.800000
174.240000 9.800000
174.280000 9.800000
174.320000 9.800000
174.360000 9.800000
174.400000 9.800000
174.440000 9.760000
174.480000 9.760000
174.520000 9.760000
174.560000 9.760000
174.600000 9.760000
174.640000 9.760000
174.680000 9.760000
174.720000 9.760000
174.760000 9.760000
174.800000 9.760000
174.840000 9.720000
174.880000 9.720000
174.920000 9.720000
174.960000 9.720000
175.000000 9.720000
175.040000 9.720000
175.080000 9.720000
175.120000 9.680000
175.160000 9.680000
175.200000 9.640000
175.240000 9.640000
175.280000 9.640000
175.320000 9.600000
175.360000 9.600000
175.400000 9.560000
175.440000 9.560000
175.480000 9.560000
175.520000 9.520000
175.560000 9.520000
175.600000 9.520000
175.640000 9.480000
175.680000 9.480000
175.720000 9.480000
175.760000 9.440000
175.800000 9.440000
175.840000 9.440000
175.880000 9.440000
175.920000 9.400000
175.960000 9.400000
176.000000 9.400000
176.040000 9.400000
176.080000 9.360000
176.120000 9.360000
176.160000 9.360000
176.200000 9.360000
176.240000 9.320000
176.280000 9.320000
176.320000 9.320000
176.360000 9.320000
176.400000 9.280000
176.440000 9.280000
176.480000 9.280000
176.520000 9.240000
176.560000 9.240000
176.600000 9.240000
176.640000 9.240000
176.680000 9.240000
176.720000 9.240000
176.760000 9.200000
176.800000 9.200000
176.840000 9.200000
176.880000 9.200000
176.920000 9.200000
176.960000 9.200000
177.000000 9.200000
177.040000 9.160000
177.080000 9.160000
177.120000 9.160000
177.160000 9.120000
177.200000 9.120000
177.240000 9.120000
177.280000 9.120000
177.320000 9.080000
177.360000 9.080000
177.400000 9.080000
177.440000 9.080000
177.480000 9.040000
177.520000 9.040000
177.560000 9.040000
177.600000 9.040000
177.640000 9.040000
177.680000 9.040000
177.720000 9.040000
177.760000 9.040000
177.800000 9.000000
177.840000 9.000000
177.880000 9.000000
177.920000 9.000000
177.960000 9.000000
178.000000 9.000000
178.040000 8.960000
178.080000 8.960000
178.120000 8.960000
178.160000 8.960000
178.200000 8.920000
178.240000 8.920000
178.280000 8.920000
178.320000 8.880000
178.360000 8.880000
178.400000 8.840000
178.440000 8.840000
178.480000 8.840000
178.520000 8.800000
178.560000 8.800000
178.600000 8.800000
178.640000 8.800000
178.680000 8.800000
178.720000 8.800000
178.760000 8.800000
178.800000 8.760000
178.840000 8.760000
178.880000 8.760000
178.920000 8.760000
178.960000 8.760000
179.000000 8.720000
179.040000 8.720000
179.080000 8.680000
179.120000 8.680000
179.160000 8.680000
179.200000 8.640000
179.240000 8.640000
179.280000 8.640000
179.320000 8.600000
179.360000 8.600000
179.400000 8.600000
179.440000 8.560000
179.480000 8.520000
179.520000 8.520000
179.560000 8.480000
179.600000 8.440000
179.640000 8.440000
179.680000 8.400000
179.720000 8.400000
179.760000 8.360000
179.800000 8.320000
179.840000 8.320000
179.880000 8.280000
179.920000 8.280000
179.960000 8.240000
180.000000 8.240000
180.040000 8.200000
180.080000 8.200000
180.120000 8.160000
180.160000 8.160000
180.200000 8.120000
180.240000 8.120000
180.280000 8.080000
180.320000 8.080000
180.360000 8.040000
180.400000 8.040000
180.440000 8.000000
180.480000 8.000000
180.520000 8.000000
180.560000 7.960000
180.600000 7.960000
180.640000 7.920000
180.680000 7.880000
180.720000 7.880000
180.760000 7.840000
180.800000 7.840000
180.840000 7.840000
180.880000 7.800000
180.920000 7.800000
180.960000 7.760000
181.000000 7.760000
181.040000 7.760000
181.080000 7.720000
181.120000 7.720000
181.160000 7.680000
181.200000 7.680000
181.240000 7.680000
181.280000 7.640000
181.320000 7.640000
181.360000 7.600000
181.400000 7.600000
181.440000 7.600000
181.480000 7.560000
181.520000 7.560000
181.560000 7.560000
181.600000 7.520000
181.640000 7.520000
181.680000 7.480000
181.720000 7.480000
181.760000 7.480000
181.800000 7.440000
181.840000 7.440000
181.880000 7.400000
181.920000 7.400000
181.960000 7.360000
182.000000 7.360000
182.040000 7.320000
182.080000 7.320000
182.120000 7.280000
182.160000 7.280000
182.200000 7.240000
182.240000 7.240000
182.280000 7.200000
182.320000 7.160000
182.360000 7.160000
182.400000 7.120000
182.440000 7.120000
182.480000 7.080000
182.520000 7.040000
182.560000 7.040000
182.600000 7.000000
182.640000 7.000000
182.680000 6.960000
182.720000 6.920000
182.760000 6.920000
182.800000 6.880000
182.840000 6.840000
182.880000 6.800000
182.920000 6.800000
182.960000 6.760000
183.000000 6.720000
183.040000 6.720000
183.080000 6.680000
183.120000 6.640000
183.160000 6.600000
183.200000 6.600000
183.240000 6.560000
183.280000 6.520000
183.320000 6.480000
183.360000 6.440000
183.400000 6.440000
183.440000 6.400000
183.480000 6.400000
183.520000 6.360000
183.560000 6.320000
183.600000 6.320000
183.640000 6.280000
183.680000 6.280000
183.720000 6.240000
183.760000 6.200000
183.800000 6.200000
183.840000 6.160000
183.880000 6.160000
183.920000 6.120000
183.960000 6.080000
184.000000 6.080000
184.040000 6.040000
184.080000 6.000000
184.120000 5.960000
184.160000 5.960000
184.200000 5.920000
184.240000 5.880000
184.280000 5.840000
184.320000 5.800000
184.360000 5.800000
184.400000 5.760000
184.440000 5.720000
184.480000 5.680000
184.520000 5.640000
184.560000 5.640000
184.600000 5.600000
184.640000 5.560000
184.680000 5.560000
184.720000 5.520000
184.760000 5.520000
184.800000 5.480000
184.840000 5.480000
184.880000 5.440000
184.920000 5.440000
184.960000 5.400000
185.000000 5.400000
185.040000 5.360000
185.080000 5.360000
185.120000 5.320000
185.160000 5.280000
185.200000 5.280000
185.240000 5.240000
185.280000 5.240000
185.320000 5.200000
185.360000 5.200000
185.400000 5.160000
185.440000 5.120000
185.480000 5.120000
185.520000 5.080000
185.560000 5.040000
185.600000 5.040000
185.640000 5.000000
185.680000 5.000000
185.720000 4.960000
185.760000 4.960000
185.800000 4.920000
185.840000 4.880000
185.880000 4.880000
185.920000 4.840000
185.960000 4.800000
186.000000 4.800000
186.040000 4.760000
186.080000 4.720000
186.120000 4.720000
186.160000 4.680000
186.200000 4.640000
186.240000 4.640000
186.280000 4.640000
186.320000 4.600000
186.360000 4.600000
186.400000 4.600000
186.440000 4.560000
186.480000 4.560000
186.520000 4.520000
186.560000 4.520000
186.600000 4.480000
186.640000 4.480000
186.680000 4.440000
186.720000 4.440000
186.760000 4.440000
186.800000 4.400000
186.840000 4.400000
186.880000 4.360000
186.920000 4.360000
186.960000 4.320000
187.000000 4.320000
187.040000 4.280000
187.080000 4.280000
187.120000 4.240000
187.160000 4.240000
187.200000 4.240000
187.240000 4.200000
187.280000 4.200000
187.320000 4.160000
187.360000 4.160000
187.400000 4.120000
187.440000 4.120000
187.480000 4.120000
187.520000 4.080000
187.560000 4.080000
187.600000 4.080000
187.640000 4.040000
187.680000 4.040000
187.720000 4.000000
187.760000 4.000000
187.800000 3.960000
187.840000 3.960000
187.880000 3.960000
187.920000 3.920000
187.960000 3.920000
188.000000 3.920000
188.040000 3.880000
188.080000 3.880000
188.120000 3.880000
188.160000 3.840000
188.200000 3.840000
188.240000 3.800000
188.280000 3.800000
188.320000 3.800000
188.360000 3.760000
188.400000 3.760000
188.440000 3.720000
188.480000 3.680000
188.520000 3.680000
188.560000 3.640000
188.600000 3.640000
188.640000 3.600000
188.680000 3.560000
188.720000 3.560000
188.760000 3.520000
188.800000 3.520000
188.840000 3.480000
188.880000 3.480000
188.920000 3.440000
188.960000 3.440000
189.000000 3.400000
189.040000 3.400000
189.080000 3.360000
189.120000 3.360000
189.160000 3.360000
189.200000 3.320000
189.240000 3.320000
189.280000 3.280000
189.320000 3.280000
189.360000 3.240000
189.400000 3.240000
189.440000 3.240000
189.480000 3.200000
189.520000 3.200000
189.560000 3.160000
189.600000 3.160000
189.640000 3.120000
189.680000 3.120000
189.720000 3.080000
189.760000 3.080000
189.800000 3.040000
189.840000 3.040000
189.880000 3.000000
189.920000 3.000000
189.960000 2.960000
190.000000 2.960000
190.040000 2.960000
190.080000 2.920000
190.120000 2.920000
190.160000 2.880000
190.200000 2.840000
190.240000 2.800000
190.280000 2.800000
190.320000 2.760000
190.360000 2.720000
190.400000 2.720000
190.440000 2.680000
190.480000 2.640000
190.520000 2.640000
190.560000 2.600000
190.600000 2.600000
190.640000 2.560000
190.680000 2.560000
190.720000 2.520000
190.760000 2.520000
190.800000 2.480000
190.840000 2.480000
190.880000 2.440000
190.920000 2.400000
190.960000 2.400000
191.000000 2.360000
191.040000 2.320000
191.080000 2.320000
191.120000 2.280000
191.160000 2.280000
191.200000 2.280000
191.240000 2.240000
191.280000 2.240000
191.320000 2.200000
191.360000 2.200000
191.400000 2.160000
191.440000 2.160000
191.480000 2.120000
191.520000 2.120000
191.560000 2.080000
191.600000 2.080000
191.640000 2.080000
191.680000 2.040000
191.720000 2.040000
191.760000 2.040000
191.800000 2.040000
191.840000 2.000000
191.880000 2.000000
191.920000 2.000000
191.960000 2.000000
192.000000 2.000000
192.040000 2.000000
192.080000 2.000000
192.120000 1.960000
192.160000 1.960000
192.200000 1.960000
192.240000 1.960000
192.280000 1.960000
192.320000 1.960000
192.360000 1.960000
192.400000 1.920000
192.440000 1.920000
192.480000 1.920000
192.520000 1.920000
192.560000 1.920000
192.600000 1.920000
192.640000 1.920000
192.680000 1.880000
192.720000 1.880000
192.760000 1.880000
192.800000 1.880000
192.840000 1.880000
192.880000 1.880000
192.920000 1.880000
192.960000 1.880000
193.000000 1.840000
193.040000 1.840000
193.080000 1.840000
193.120000 1.840000
193.160000 1.840000
193.200000 1.800000
193.240000 1.800000
193.280000 1.800000
193.320000 1.800000
193.360000 1.800000
193.400000 1.800000
193.440000 1.800000
193.480000 1.760000
193.520000 1.760000
193.560000 1.760000
193.600000 1.800000
193.640000 1.800000
193.680000 1.840000
193.720000 1.840000
193.760000 1.880000
193.800000 1.880000
193.840000 1.920000
193.880000 1.960000
193.920000 1.960000
193.960000 2.000000
194.000000 2.000000
194.040000 2.000000
194.080000 2.040000
194.120000 2.040000
194.160000 2.040000
194.200000 2.040000
194.240000 2.080000
194.280000 2.080000
194.320000 2.080000
194.360000 2.080000
194.400000 2.080000
194.440000 2.120000
194.480000 2.120000
194.520000 2.160000
194.560000 2.160000
194.600000 2.160000
194.640000 2.200000
194.680000 2.240000
194.720000 2.240000
194.760000 2.240000
194.800000 2.240000
194.840000 2.240000
194.880000 2.240000
194.920000 2.200000
194.960000 2.200000
195.000000 2.200000
195.040000 2.160000
195.080000 2.160000
195.120000 2.120000
195.160000 2.120000
195.200000 2.080000
195.240000 2.080000
195.280000 2.080000
195.320000 2.040000
195.360000 2.040000
195.400000 2.040000
195.440000 2.040000
195.480000 2.040000
195.520000 2.040000
195.560000 2.040000
195.600000 2.080000
195.640000 2.080000
195.680000 2.120000
195.720000 2.120000
195.760000 2.160000
195.800000 2.160000
195.840000 2.160000
195.880000 2.160000
195.920000 2.200000
195.960000 2.200000
196.000000 2.200000
196.040000 2.200000
196.080000 2.240000
196.120000 2.240000
196.160000 2.280000
196.200000 2.280000
196.240000 2.320000
196.280000 2.320000
196.320000 2.360000
196.360000 2.360000
196.400000 2.400000
196.440000 2.400000
196.480000 2.440000
196.520000 2.440000
196.560000 2.480000
196.600000 2.480000
196.640000 2.520000
196.680000 2.520000
196.720000 2.520000
196.760000 2.560000
196.800000 2.600000
196.840000 2.600000
196.880000 2.640000
196.920000 2.640000
196.960000 2.680000
197.000000 2.680000
197.040000 2.720000
197.080000 2.760000
197.120000 2.800000
197.160000 2.800000
197.200000 2.840000
197.240000 2.840000
197.280000 2.880000
197.320000 2.880000
197.360000 2.920000
197.400000 2.920000
197.440000 2.960000
197.480000 2.960000
197.520000 2.960000
197.560000 2.960000
197.600000 3.000000
197.640000 3.000000
197.680000 3.000000
197.720000 3.000000
197.760000 3.000000
197.800000 3.000000
197.840000 3.000000
197.880000 3.040000
197.920000 3.040000
197.960000 3.040000
198.000000 3.040000
198.040000 3.040000
198.080000 3.080000
198.120000 3.080000
198.160000 3.080000
198.200000 3.120000
198.240000 3.160000
198.280000 3.160000
198.320000 3.200000
198.360000 3.240000
198.400000 3.240000
198.440000 3.280000
198.480000 3.320000
198.520000 3.360000
198.560000 3.360000
198.600000 3.400000
198.640000 3.400000
198.680000 3.440000
198.720000 3.440000
198.760000 3.480000
198.800000 3.480000
198.840000 3.480000
198.880000 3.520000
198.920000 3.520000
198.960000 3.520000
199.000000 3.560000
199.040000 3.560000
199.080000 3.560000
199.120000 3.560000
199.160000 3.600000
199.200000 3.600000
199.240000 3.640000
199.280000 3.640000
199.320000 3.640000
199.360000 3.640000
199.400000 3.640000
199.440000 3.640000
199.480000 3.680000
199.520000 3.680000
199.560000 3.680000
199.600000 3.680000
199.640000 3.680000
199.680000 3.680000
199.720000 3.680000
199.760000 3.680000
199.800000 3.680000
199.840000 3.640000
199.880000 3.640000
199.920000 3.680000
199.960000 3.680000
200.000000 3.720000
200.040000 3.720000
200.080000 3.760000
200.120000 3.800000
200.160000 3.800000
200.200000 3.840000
200.240000 3.840000
200.280000 3.880000
200.320000 3.880000
200.360000 3.920000
200.400000 3.920000
200.440000 3.960000
200.480000 3.960000
200.520000 3.960000
200.560000 3.960000
200.600000 3.960000
200.640000 3.920000
200.680000 3.920000
200.720000 3.920000
200.760000 3.920000
200.800000 3.920000
200.840000 3.880000
200.880000 3.840000
200.920000 3.800000
200.960000 3.760000
201.000000 3.720000
201.040000 3.720000
201.080000 3.720000
201.120000 3.680000
201.160000 3.680000
201.200000 3.680000
201.240000 3.640000
201.280000 3.640000
201.320000 3.640000
201.360000 3.640000
201.400000 3.640000
201.440000 3.680000
201.480000 3.680000
201.520000 3.680000
201.560000 3.680000
201.600000 3.720000
201.640000 3.720000
201.680000 3.720000
201.720000 3.760000
201.760000 3.760000
201.800000 3.800000
201.840000 3.800000
201.880000 3.800000
201.920000 3.840000
201.960000 3.840000
202.000000 3.840000
202.040000 3.840000
202.080000 3.880000
202.120000 3.840000
202.160000 3.840000
202.200000 3.840000
202.240000 3.800000
202.280000 3.800000
202.320000 3.760000
202.360000 3.760000
202.400000 3.760000
202.440000 3.760000
202.480000 3.760000
202.520000 3.720000
202.560000 3.720000
202.600000 3.680000
202.640000 3.680000
202.680000 3.640000
202.720000 3.600000
202.760000 3.600000
202.800000 3.560000
202.840000 3.560000
202.880000 3.520000
202.920000 3.520000
202.960000 3.480000
203.000000 3.480000
203.040000 3.480000
203.080000 3.440000
203.120000 3.440000
203.160000 3.400000
203.200000 3.400000
203.240000 3.360000
203.280000 3.320000
203.320000 3.320000
203.360000 3.280000
203.400000 3.240000
203.440000 3.200000
203.480000 3.200000
203.520000 3.160000
203.560000 3.120000
203.600000 3.080000
203.640000 3.080000
203.680000 3.040000
203.720000 3.000000
203.760000 3.000000
203.800000 2.960000
203.840000 2.960000
203.880000 2.920000
203.920000 2.880000
203.960000 2.840000
204.000000 2.840000
204.040000 2.800000
204.080000 2.760000
204.120000 2.760000
204.160000 2.760000
204.200000 2.720000
204.240000 2.720000
204.280000 2.680000
204.320000 2.680000
204.360000 2.680000
204.400000 2.640000
204.440000 2.640000
204.480000 2.640000
204.520000 2.640000
204.560000 2.600000
204.600000 2.600000
204.640000 2.600000
204.680000 2.600000
204.720000 2.600000
204.760000 2.560000
204.800000 2.560000
204.840000 2.560000
204.880000 2.520000
204.920000 2.520000
204.960000 2.520000
205.000000 2.520000
205.040000 2.520000
205.080000 2.480000
205.120000 2.480000
205.160000 2.440000
205.200000 2.440000
205.240000 2.440000
205.280000 2.440000
205.320000 2.440000
205.360000 2.440000
205.400000 2.400000
205.440000 2.400000
205.480000 2.400000
205.520000 2.360000
205.560000 2.360000
205.600000 2.320000
205.640000 2.320000
205.680000 2.320000
205.720000 2.280000
205.760000 2.280000
205.800000 2.280000
205.840000 2.280000
205.880000 2.280000
205.920000 2.280000
205.960000 2.240000
206.000000 2.240000
206.040000 2.240000
206.080000 2.240000
206.120000 2.240000
206.160000 2.200000
206.200000 2.200000
206.240000 2.200000
206.280000 2.200000
206.320000 2.160000
206.360000 2.160000
206.400000 2.160000
206.440000 2.200000
206.480000 2.200000
206.520000 2.240000
206.560000 2.240000
206.600000 2.240000
206.640000 2.280000
206.680000 2.280000
206.720000 2.280000
206.760000 2.320000
206.800000 2.320000
206.840000 2.360000
206.880000 2.360000
206.920000 2.400000
206.960000 2.400000
207.000000 2.400000
207.040000 2.440000
207.080000 2.480000
207.120000 2.480000
207.160000 2.520000
207.200000 2.560000
207.240000 2.560000
207.280000 2.600000
207.320000 2.600000
207.360000 2.640000
207.400000 2.640000
207.440000 2.640000
207.480000 2.640000
207.520000 2.640000
207.560000 2.640000
207.600000 2.640000
207.640000 2.640000
207.680000 2.640000
207.720000 2.640000
207.760000 2.640000
207.800000 2.640000
207.840000 2.640000
207.880000 2.640000
207.920000 2.640000
207.960000 2.640000
208.000000 2.640000
208.040000 2.640000
208.080000 2.640000
208.120000 2.640000
208.160000 2.680000
208.200000 2.680000
208.240000 2.680000
208.280000 2.680000
208.320000 2.680000
208.360000 2.680000
208.400000 2.680000
208.440000 2.680000
208.480000 2.680000
208.520000 2.680000
208.560000 2.680000
208.600000 2.640000
208.640000 2.640000
208.680000 2.640000
208.720000 2.640000
208.760000 2.600000
208.800000 2.600000
208.840000 2.600000
208.880000 2.560000
208.920000 2.560000
208.960000 2.520000
209.000000 2.520000
209.040000 2.480000
209.080000 2.440000
209.120000 2.440000
209.160000 2.400000
209.200000 2.360000
209.240000 2.360000
209.280000 2.320000
209.320000 2.320000
209.360000 2.280000
209.400000 2.240000
209.440000 2.240000
209.480000 2.200000
209.520000 2.160000
209.560000 2.160000
209.600000 2.120000
209.640000 2.080000
209.680000 2.040000
209.720000 2.040000
209.760000 2.000000
209.800000 1.960000
209.840000 1.960000
209.880000 1.920000
209.920000 1.880000
209.960000 1.880000
