-68.117533 -23.050833
2356.000000 1.000000
5.000000 160.000000
100.000000 4.590000
100.030000 4.590000
100.060000 4.560000
100.090000 4.560000
100.120000 4.560000
100.150000 4.560000
100.180000 4.560000
100.210000 4.530000
100.240000 4.530000
100.270000 4.530000
100.300000 4.530000
100.330000 4.530000
100.360000 4.500000
100.390000 4.500000
100.420000 4.500000
100.450000 4.470000
100.480000 4.470000
100.510000 4.470000
100.540000 4.470000
100.570000 4.440000
100.600000 4.440000
100.630000 4.440000
100.660000 4.440000
100.690000 4.440000
100.720000 4.410000
100.750000 4.410000
100.780000 4.410000
100.810000 4.410000
100.840000 4.380000
100.870000 4.380000
100.900000 4.380000
100.930000 4.380000
100.960000 4.380000
100.990000 4.350000
101.020000 4.350000
101.050000 4.350000
101.080000 4.350000
101.110000 4.350000
101.140000 4.350000
101.170000 4.350000
101.200000 4.350000
101.230000 4.320000
101.260000 4.320000
101.290000 4.320000
101.320000 4.320000
101.350000 4.320000
101.380000 4.320000
101.410000 4.320000
101.440000 4.320000
101.470000 4.320000
101.500000 4.320000
101.530000 4.320000
101.560000 4.320000
101.590000 4.320000
101.620000 4.320000
101.650000 4.320000
101.680000 4.320000
101.710000 4.320000
101.740000 4.290000
101.770000 4.290000
101.800000 4.290000
101.830000 4.290000
101.860000 4.290000
101.890000 4.290000
101.920000 4.290000
101.950000 4.260000
101.980000 4.260000
102.010000 4.260000
102.040000 4.260000
102.070000 4.230000
102.100000 4.230000
102.130000 4.230000
102.160000 4.230000
102.190000 4.200000
102.220000 4.200000
102.250000 4.170000
102.280000 4.170000
102.310000 4.170000
102.340000 4.140000
102.370000 4.140000
102.400000 4.140000
102.430000 4.110000
102.460000 4.110000
102.490000 4.080000
102.520000 4.080000
102.550000 4.080000
102.580000 4.050000
102.610000 4.050000
102.640000 4.020000
102.670000 4.020000
102.700000 3.990000
102.730000 3.990000
102.760000 3.990000
102.790000 3.960000
102.820000 3.960000
102.850000 3.930000
102.880000 3.930000
102.910000 3.900000
102.940000 3.900000
102.970000 3.870000
103.000000 3.870000
103.030000 3.870000
103.060000 3.840000
103.090000 3.840000
103.120000 3.810000
103.150000 3.810000
103.180000 3.780000
103.210000 3.780000
103.240000 3.750000
103.270000 3.750000
103.300000 3.750000
103.330000 3.720000
103.360000 3.720000
103.390000 3.720000
103.420000 3.720000
103.450000 3.690000
103.480000 3.690000
103.510000 3.690000
103.540000 3.690000
103.570000 3.660000
103.600000 3.660000
103.630000 3.660000
103.660000 3.660000
103.690000 3.660000
103.720000 3.660000
103.750000 3.630000
103.780000 3.630000
103.810000 3.630000
103.840000 3.630000
103.870000 3.630000
103.900000 3.630000
103.930000 3.630000
103.960000 3.600000
103.990000 3.600000
104.020000 3.600000
104.050000 3.600000
104.080000 3.600000
104.110000 3.600000
104.140000 3.600000
104.170000 3.570000
104.200000 3.570000
104.230000 3.570000
104.260000 3.570000
104.290000 3.570000
104.320000 3.570000
104.350000 3.570000
104.380000 3.570000
104.410000 3.570000
104.440000 3.570000
104.470000 3.540000
104.500000 3.540000
104.530000 3.540000
104.560000 3.540000
104.590000 3.540000
104.620000 3.540000
104.650000 3.540000
104.680000 3.510000
104.710000 3.510000
104.740000 3.510000
104.770000 3.510000
104.800000 3.510000
104.830000 3.510000
104.860000 3.510000
104.890000 3.510000
104.920000 3.510000
104.950000 3.480000
104.980000 3.480000
105.010000 3.480000
105.040000 3.480000
105.070000 3.480000
105.100000 3.480000
105.130000 3.480000
105.160000 3.480000
105.190000 3.480000
105.220000 3.480000
105.250000 3.480000
105.280000 3.480000
105.310000 3.480000
105.340000 3.480000
105.370000 3.480000
105.400000 3.480000
105.430000 3.480000
105.460000 3.480000
105.490000 3.480000
105.520000 3.480000
105.550000 3.480000
105.580000 3.480000
105.610000 3.480000
105.640000 3.480000
105.670000 3.480000
105.700000 3.480000
105.730000 3.480000
105.760000 3.480000
105.790000 3.480000
105.820000 3.480000
105.850000 3.480000
105.880000 3.480000
105.910000 3.480000
105.940000 3.480000
105.970000 3.480000
106.000000 3.480000
106.030000 3.480000
106.060000 3.480000
106.090000 3.510000
106.120000 3.510000
106.150000 3.510000
106.180000 3.510000
106.210000 3.510000
106.240000 3.510000
106.270000 3.540000
106.300000 3.540000
106.330000 3.540000
106.360000 3.570000
106.390000 3.570000
106.420000 3.570000
106.450000 3.600000
106.480000 3.600000
106.510000 3.600000
106.540000 3.600000
106.570000 3.600000
106.600000 3.600000
106.630000 3.600000
106.660000 3.600000
106.690000 3.630000
106.720000 3.660000
106.750000 3.660000
106.780000 3.690000
106.810000 3.720000
106.840000 3.720000
106.870000 3.720000
106.900000 3.720000
106.930000 3.750000
106.960000 3.750000
106.990000 3.780000
107.020000 3.780000
107.050000 3.780000
107.080000 3.810000
107.110000 3.810000
107.140000 3.810000
107.170000 3.810000
107.200000 3.810000
107.230000 3.810000
107.260000 3.810000
107.290000 3.810000
107.320000 3.840000
107.350000 3.840000
107.380000 3.840000
107.410000 3.840000
107.440000 3.870000
107.470000 3.870000
107.500000 3.870000
107.530000 3.870000
107.560000 3.870000
107.590000 3.870000
107.620000 3.870000
107.650000 3.870000
107.680000 3.870000
107.710000 3.870000
107.740000 3.900000
107.770000 3.900000
107.800000 3.900000
107.830000 3.900000
107.860000 3.900000
107.890000 3.900000
107.920000 3.900000
107.950000 3.900000
107.980000 3.900000
108.010000 3.900000
108.040000 3.900000
108.070000 3.900000
108.100000 3.900000
108.130000 3.900000
108.160000 3.870000
108.190000 3.870000
108.220000 3.870000
108.250000 3.840000
108.280000 3.840000
108.310000 3.810000
108.340000 3.810000
108.370000 3.810000
108.400000 3.780000
108.430000 3.780000
108.460000 3.780000
108.490000 3.750000
108.520000 3.750000
108.550000 3.750000
108.580000 3.720000
108.610000 3.720000
108.640000 3.720000
108.670000 3.720000
108.700000 3.690000
108.730000 3.690000
108.760000 3.690000
108.790000 3.660000
108.820000 3.630000
108.850000 3.630000
108.880000 3.630000
108.910000 3.600000
108.940000 3.600000
108.970000 3.570000
109.000000 3.570000
109.030000 3.570000
109.060000 3.540000
109.090000 3.540000
109.120000 3.540000
109.150000 3.540000
109.180000 3.540000
109.210000 3.540000
109.240000 3.540000
109.270000 3.540000
109.300000 3.540000
109.330000 3.540000
109.360000 3.540000
109.390000 3.540000
109.420000 3.540000
109.450000 3.540000
109.480000 3.540000
109.510000 3.540000
109.540000 3.540000
109.570000 3.540000
109.600000 3.540000
109.630000 3.540000
109.660000 3.510000
109.690000 3.510000
109.720000 3.510000
109.750000 3.480000
109.780000 3.480000
109.810000 3.480000
109.840000 3.450000
109.870000 3.450000
109.900000 3.450000
109.930000 3.450000
109.960000 3.450000
109.990000 3.450000
110.020000 3.450000
110.050000 3.450000
110.080000 3.450000
110.110000 3.450000
110.140000 3.450000
110.170000 3.450000
110.200000 3.480000
110.230000 3.480000
110.260000 3.480000
110.290000 3.480000
110.320000 3.480000
110.350000 3.510000
110.380000 3.510000
110.410000 3.510000
110.440000 3.510000
110.470000 3.540000
110.500000 3.540000
110.530000 3.540000
110.560000 3.540000
110.590000 3.540000
110.620000 3.540000
110.650000 3.540000
110.680000 3.540000
110.710000 3.540000
110.740000 3.540000
110.770000 3.540000
110.800000 3.540000
110.830000 3.540000
110.860000 3.540000
110.890000 3.540000
110.920000 3.540000
110.950000 3.540000
110.980000 3.540000
111.010000 3.540000
111.040000 3.540000
111.070000 3.540000
111.100000 3.540000
111.130000 3.540000
111.160000 3.540000
111.190000 3.540000
111.220000 3.540000
111.250000 3.540000
111.280000 3.540000
111.310000 3.540000
111.340000 3.540000
111.370000 3.540000
111.400000 3.540000
111.430000 3.540000
111.460000 3.540000
111.490000 3.540000
111.520000 3.540000
111.550000 3.540000
111.580000 3.540000
111.610000 3.540000
111.640000 3.540000
111.670000 3.540000
111.700000 3.540000
111.730000 3.510000
111.760000 3.510000
111.790000 3.510000
111.820000 3.540000
111.850000 3.540000
111.880000 3.540000
111.910000 3.540000
111.940000 3.540000
111.970000 3.540000
112.000000 3.540000
112.030000 3.540000
112.060000 3.540000
112.090000 3.540000
112.120000 3.540000
112.150000 3.540000
112.180000 3.540000
112.210000 3.540000
112.240000 3.510000
112.270000 3.510000
112.300000 3.510000
112.330000 3.510000
112.360000 3.480000
112.390000 3.480000
112.420000 3.480000
112.450000 3.480000
112.480000 3.480000
112.510000 3.480000
112.540000 3.480000
112.570000 3.480000
112.600000 3.480000
112.630000 3.450000
112.660000 3.450000
112.690000 3.450000
112.720000 3.450000
112.750000 3.450000
112.780000 3.450000
112.810000 3.480000
112.840000 3.480000
112.870000 3.480000
112.900000 3.510000
112.930000 3.510000
112.960000 3.510000
112.990000 3.510000
113.020000 3.540000
113.050000 3.540000
113.080000 3.540000
113.110000 3.540000
113.140000 3.540000
113.170000 3.540000
113.200000 3.540000
113.230000 3.540000
113.260000 3.540000
113.290000 3.540000
113.320000 3.540000
113.350000 3.570000
113.380000 3.570000
113.410000 3.570000
113.440000 3.570000
113.470000 3.570000
113.500000 3.570000
113.530000 3.540000
113.560000 3.540000
113.590000 3.540000
113.620000 3.540000
113.650000 3.540000
113.680000 3.540000
113.710000 3.540000
113.740000 3.540000
113.770000 3.540000
113.800000 3.540000
113.830000 3.540000
113.860000 3.540000
113.890000 3.540000
113.920000 3.540000
113.950000 3.540000
113.980000 3.540000
114.010000 3.540000
114.040000 3.540000
114.070000 3.540000
114.100000 3.510000
114.130000 3.510000
114.160000 3.480000
114.190000 3.480000
114.220000 3.480000
114.250000 3.450000
114.280000 3.420000
114.310000 3.420000
114.340000 3.420000
114.370000 3.420000
114.400000 3.420000
114.430000 3.420000
114.460000 3.390000
114.490000 3.390000
114.520000 3.390000
114.550000 3.390000
114.580000 3.360000
114.610000 3.360000
114.640000 3.360000
114.670000 3.360000
114.700000 3.360000
114.730000 3.330000
114.760000 3.330000
114.790000 3.330000
114.820000 3.300000
114.850000 3.300000
114.880000 3.270000
114.910000 3.270000
114.940000 3.240000
114.970000 3.240000
115.000000 3.210000
115.030000 3.180000
115.060000 3.180000
115.090000 3.150000
115.120000 3.150000
115.150000 3.120000
115.180000 3.120000
115.210000 3.090000
115.240000 3.090000
115.270000 3.090000
115.300000 3.090000
115.330000 3.060000
115.360000 3.060000
115.390000 3.030000
115.420000 3.030000
115.450000 3.030000
115.480000 3.030000
115.510000 3.030000
115.540000 3.000000
115.570000 3.000000
115.600000 3.000000
115.630000 3.030000
115.660000 3.030000
115.690000 3.030000
115.720000 3.030000
115.750000 3.030000
115.780000 3.030000
115.810000 3.030000
115.840000 3.030000
115.870000 3.030000
115.900000 3.060000
115.930000 3.060000
115.960000 3.060000
115.990000 3.060000
116.020000 3.060000
116.050000 3.060000
116.080000 3.060000
116.110000 3.030000
116.140000 3.030000
116.170000 3.030000
116.200000 3.030000
116.230000 3.030000
116.260000 3.060000
116.290000 3.060000
116.320000 3.090000
116.350000 3.090000
116.380000 3.120000
116.410000 3.120000
116.440000 3.150000
116.470000 3.150000
116.500000 3.180000
116.530000 3.180000
116.560000 3.210000
116.590000 3.210000
116.620000 3.210000
116.650000 3.210000
116.680000 3.210000
116.710000 3.210000
116.740000 3.210000
116.770000 3.180000
116.800000 3.180000
116.830000 3.180000
116.860000 3.180000
116.890000 3.150000
116.920000 3.150000
116.950000 3.150000
116.980000 3.180000
117.010000 3.180000
117.040000 3.180000
117.070000 3.210000
117.100000 3.210000
117.130000 3.240000
117.160000 3.240000
117.190000 3.240000
117.220000 3.270000
117.250000 3.270000
117.280000 3.240000
117.310000 3.240000
117.340000 3.240000
117.370000 3.240000
117.400000 3.270000
117.430000 3.300000
117.460000 3.300000
117.490000 3.330000
117.520000 3.360000
117.550000 3.360000
117.580000 3.390000
117.610000 3.420000
117.640000 3.420000
117.670000 3.450000
117.700000 3.450000
117.730000 3.480000
117.760000 3.510000
117.790000 3.510000
117.820000 3.540000
117.850000 3.540000
117.880000 3.570000
117.910000 3.570000
117.940000 3.570000
117.970000 3.600000
118.000000 3.600000
118.030000 3.630000
118.060000 3.630000
118.090000 3.630000
118.120000 3.630000
118.150000 3.630000
118.180000 3.630000
118.210000 3.600000
118.240000 3.570000
118.270000 3.570000
118.300000 3.600000
118.330000 3.600000
118.360000 3.600000
118.390000 3.630000
118.420000 3.630000
118.450000 3.660000
118.480000 3.660000
118.510000 3.660000
118.540000 3.660000
118.570000 3.690000
118.600000 3.690000
118.630000 3.690000
118.660000 3.690000
118.690000 3.720000
118.720000 3.720000
118.750000 3.720000
118.780000 3.720000
118.810000 3.720000
118.840000 3.720000
118.870000 3.720000
118.900000 3.720000
118.930000 3.750000
118.960000 3.750000
118.990000 3.750000
119.020000 3.750000
119.050000 3.720000
119.080000 3.720000
119.110000 3.720000
119.140000 3.690000
119.170000 3.690000
119.200000 3.660000
119.230000 3.660000
119.260000 3.630000
119.290000 3.630000
119.320000 3.630000
119.350000 3.600000
119.380000 3.600000
119.410000 3.600000
119.440000 3.570000
119.470000 3.570000
119.500000 3.540000
119.530000 3.540000
119.560000 3.510000
119.590000 3.510000
119.620000 3.510000
119.650000 3.510000
119.680000 3.510000
119.710000 3.510000
119.740000 3.510000
119.770000 3.510000
119.800000 3.480000
119.830000 3.480000
119.860000 3.480000
119.890000 3.450000
119.920000 3.420000
119.950000 3.420000
119.980000 3.390000
120.010000 3.390000
120.040000 3.360000
120.070000 3.330000
120.100000 3.330000
120.130000 3.300000
120.160000 3.300000
120.190000 3.300000
120.220000 3.270000
120.250000 3.270000
120.280000 3.270000
120.310000 3.270000
120.340000 3.240000
120.370000 3.240000
120.400000 3.240000
120.430000 3.240000
120.460000 3.240000
120.490000 3.240000
120.520000 3.240000
120.550000 3.240000
120.580000 3.210000
120.610000 3.210000
120.640000 3.180000
120.670000 3.180000
120.700000 3.150000
120.730000 3.120000
120.760000 3.120000
120.790000 3.090000
120.820000 3.090000
120.850000 3.060000
120.880000 3.060000
120.910000 3.030000
120.940000 3.030000
120.970000 3.030000
121.000000 3.030000
121.030000 3.000000
121.060000 3.000000
121.090000 3.000000
121.120000 3.000000
121.150000 3.000000
121.180000 2.970000
121.210000 2.970000
121.240000 2.970000
121.270000 2.970000
121.300000 2.970000
121.330000 2.970000
121.360000 2.940000
121.390000 2.940000
121.420000 2.940000
121.450000 2.910000
121.480000 2.910000
121.510000 2.910000
121.540000 2.880000
121.570000 2.880000
121.600000 2.880000
121.630000 2.850000
121.660000 2.850000
121.690000 2.820000
121.720000 2.820000
121.750000 2.790000
121.780000 2.790000
121.810000 2.760000
121.840000 2.760000
121.870000 2.730000
121.900000 2.730000
121.930000 2.700000
121.960000 2.700000
121.990000 2.700000
122.020000 2.700000
122.050000 2.730000
122.080000 2.730000
122.110000 2.760000
122.140000 2.760000
122.170000 2.760000
122.200000 2.790000
122.230000 2.790000
122.260000 2.790000
122.290000 2.790000
122.320000 2.790000
122.350000 2.760000
122.380000 2.760000
122.410000 2.760000
122.440000 2.760000
122.470000 2.730000
122.500000 2.730000
122.530000 2.700000
122.560000 2.700000
122.590000 2.670000
122.620000 2.670000
122.650000 2.640000
122.680000 2.640000
122.710000 2.610000
122.740000 2.610000
122.770000 2.610000
122.800000 2.580000
122.830000 2.580000
122.860000 2.610000
122.890000 2.610000
122.920000 2.610000
122.950000 2.640000
122.980000 2.640000
123.010000 2.670000
123.040000 2.670000
123.070000 2.670000
123.100000 2.700000
123.130000 2.700000
123.160000 2.700000
123.190000 2.700000
123.220000 2.700000
123.250000 2.700000
123.280000 2.700000
123.310000 2.670000
123.340000 2.670000
123.370000 2.670000
123.400000 2.670000
123.430000 2.670000
123.460000 2.700000
123.490000 2.700000
123.520000 2.700000
123.550000 2.700000
123.580000 2.700000
123.610000 2.700000
123.640000 2.700000
123.670000 2.700000
123.700000 2.700000
123.730000 2.700000
123.760000 2.730000
123.790000 2.730000
123.820000 2.730000
123.850000 2.760000
123.880000 2.760000
123.910000 2.760000
123.940000 2.760000
123.970000 2.790000
124.000000 2.790000
124.030000 2.790000
124.060000 2.820000
124.090000 2.820000
124.120000 2.820000
124.150000 2.850000
124.180000 2.850000
124.210000 2.880000
124.240000 2.910000
124.270000 2.910000
124.300000 2.940000
124.330000 2.940000
124.360000 2.940000
124.390000 2.970000
124.420000 2.970000
124.450000 2.970000
124.480000 3.000000
124.510000 3.000000
124.540000 3.030000
124.570000 3.030000
124.600000 3.030000
124.630000 3.060000
124.660000 3.060000
124.690000 3.060000
124.720000 3.090000
124.750000 3.090000
124.780000 3.090000
124.810000 3.090000
124.840000 3.120000
124.870000 3.150000
124.900000 3.150000
124.930000 3.150000
124.960000 3.150000
124.990000 3.150000
125.020000 3.150000
125.050000 3.150000
125.080000 3.150000
125.110000 3.150000
125.140000 3.120000
125.170000 3.120000
125.200000 3.120000
125.230000 3.120000
125.260000 3.120000
125.290000 3.120000
125.320000 3.120000
125.350000 3.090000
125.380000 3.090000
125.410000 3.090000
125.440000 3.090000
125.470000 3.060000
125.500000 3.060000
125.530000 3.090000
125.560000 3.090000
125.590000 3.090000
125.620000 3.090000
125.650000 3.090000
125.680000 3.090000
125.710000 3.120000
125.740000 3.120000
125.770000 3.150000
125.800000 3.150000
125.830000 3.180000
125.860000 3.180000
125.890000 3.180000
125.920000 3.180000
125.950000 3.150000
125.980000 3.150000
126.010000 3.120000
126.040000 3.120000
126.070000 3.090000
126.100000 3.090000
126.130000 3.060000
126.160000 3.030000
126.190000 3.030000
126.220000 3.000000
126.250000 3.000000
126.280000 3.000000
126.310000 3.000000
126.340000 3.000000
126.370000 3.000000
126.400000 2.970000
126.430000 2.970000
126.460000 2.970000
126.490000 3.000000
126.520000 3.000000
126.550000 3.000000
126.580000 3.030000
126.610000 3.030000
126.640000 3.030000
126.670000 3.060000
126.700000 3.060000
126.730000 3.060000
126.760000 3.060000
126.790000 3.090000
126.820000 3.090000
126.850000 3.090000
126.880000 3.090000
126.910000 3.120000
126.940000 3.120000
126.970000 3.120000
127.000000 3.120000
127.030000 3.120000
127.060000 3.120000
127.090000 3.120000
127.120000 3.120000
127.150000 3.120000
127.180000 3.120000
127.210000 3.120000
127.240000 3.120000
127.270000 3.120000
127.300000 3.090000
127.330000 3.090000
127.360000 3.120000
127.390000 3.120000
127.420000 3.150000
127.450000 3.150000
127.480000 3.180000
127.510000 3.180000
127.540000 3.210000
127.570000 3.240000
127.600000 3.240000
127.630000 3.270000
127.660000 3.300000
127.690000 3.300000
127.720000 3.330000
127.750000 3.360000
127.780000 3.390000
127.810000 3.420000
127.840000 3.450000
127.870000 3.450000
127.900000 3.480000
127.930000 3.480000
127.960000 3.510000
127.990000 3.540000
128.020000 3.540000
128.050000 3.570000
128.080000 3.570000
128.110000 3.600000
128.140000 3.600000
128.170000 3.570000
128.200000 3.570000
128.230000 3.570000
128.260000 3.570000
128.290000 3.570000
128.320000 3.600000
128.350000 3.600000
128.380000 3.600000
128.410000 3.570000
128.440000 3.600000
128.470000 3.570000
128.500000 3.600000
128.530000 3.570000
128.560000 3.570000
128.590000 3.570000
128.620000 3.540000
128.650000 3.510000
128.680000 3.510000
128.710000 3.480000
128.740000 3.480000
128.770000 3.450000
128.800000 3.450000
128.830000 3.420000
128.860000 3.390000
128.890000 3.360000
128.920000 3.330000
128.950000 3.300000
128.980000 3.300000
129.010000 3.270000
129.040000 3.240000
129.070000 3.210000
129.100000 3.210000
129.130000 3.180000
129.160000 3.150000
129.190000 3.150000
129.220000 3.120000
129.250000 3.120000
129.280000 3.090000
129.310000 3.090000
129.340000 3.060000
129.370000 3.060000
129.400000 3.030000
129.430000 3.030000
129.460000 3.000000
129.490000 3.000000
129.520000 3.000000
129.550000 2.970000
129.580000 2.970000
129.610000 2.970000
129.640000 2.970000
129.670000 2.940000
129.700000 2.940000
129.730000 2.940000
129.760000 2.940000
129.790000 2.940000
129.820000 2.970000
129.850000 2.970000
129.880000 2.970000
129.910000 2.970000
129.940000 3.000000
129.970000 3.000000
130.000000 3.030000
130.030000 3.030000
130.060000 3.060000
130.090000 3.060000
130.120000 3.090000
130.150000 3.090000
130.180000 3.120000
130.210000 3.120000
130.240000 3.150000
130.270000 3.180000
130.300000 3.180000
130.330000 3.210000
130.360000 3.240000
130.390000 3.240000
130.420000 3.270000
130.450000 3.270000
130.480000 3.300000
130.510000 3.300000
130.540000 3.330000
130.570000 3.330000
130.600000 3.360000
130.630000 3.360000
130.660000 3.360000
130.690000 3.360000
130.720000 3.360000
130.750000 3.360000
130.780000 3.360000
130.810000 3.360000
130.840000 3.360000
130.870000 3.360000
130.900000 3.360000
130.930000 3.360000
130.960000 3.360000
130.990000 3.390000
131.020000 3.390000
131.050000 3.390000
131.080000 3.390000
131.110000 3.390000
131.140000 3.390000
131.170000 3.390000
131.200000 3.390000
131.230000 3.390000
131.260000 3.390000
131.290000 3.420000
131.320000 3.420000
131.350000 3.420000
131.380000 3.420000
131.410000 3.420000
131.440000 3.420000
131.470000 3.420000
131.500000 3.450000
131.530000 3.450000
131.560000 3.420000
131.590000 3.420000
131.620000 3.420000
131.650000 3.450000
131.680000 3.450000
131.710000 3.450000
131.740000 3.450000
131.770000 3.450000
131.800000 3.450000
131.830000 3.420000
131.860000 3.420000
131.890000 3.420000
131.920000 3.390000
131.950000 3.420000
131.980000 3.450000
132.010000 3.450000
132.040000 3.450000
132.070000 3.480000
132.100000 3.480000
132.130000 3.510000
132.160000 3.510000
132.190000 3.510000
132.220000 3.510000
132.250000 3.540000
132.280000 3.540000
132.310000 3.540000
132.340000 3.540000
132.370000 3.540000
132.400000 3.540000
132.430000 3.540000
132.460000 3.540000
132.490000 3.540000
132.520000 3.540000
132.550000 3.540000
132.580000 3.540000
132.610000 3.540000
132.640000 3.540000
132.670000 3.540000
132.700000 3.540000
132.730000 3.540000
132.760000 3.540000
132.790000 3.540000
132.820000 3.510000
132.850000 3.510000
132.880000 3.510000
132.910000 3.480000
132.940000 3.480000
132.970000 3.480000
133.000000 3.480000
133.030000 3.480000
133.060000 3.450000
133.090000 3.450000
133.120000 3.450000
133.150000 3.450000
133.180000 3.420000
133.210000 3.450000
133.240000 3.450000
133.270000 3.480000
133.300000 3.480000
133.330000 3.480000
133.360000 3.480000
133.390000 3.480000
133.420000 3.450000
133.450000 3.450000
133.480000 3.450000
133.510000 3.420000
133.540000 3.420000
133.570000 3.420000
133.600000 3.390000
133.630000 3.390000
133.660000 3.360000
133.690000 3.360000
133.720000 3.360000
133.750000 3.330000
133.780000 3.330000
133.810000 3.330000
133.840000 3.330000
133.870000 3.300000
133.900000 3.300000
133.930000 3.270000
133.960000 3.240000
133.990000 3.210000
134.020000 3.210000
134.050000 3.180000
134.080000 3.150000
134.110000 3.120000
134.140000 3.090000
134.170000 3.090000
134.200000 3.060000
134.230000 3.030000
134.260000 3.030000
134.290000 3.000000
134.320000 2.970000
134.350000 2.940000
134.380000 2.940000
134.410000 2.910000
134.440000 2.910000
134.470000 2.880000
134.500000 2.880000
134.530000 2.880000
134.560000 2.850000
134.590000 2.820000
134.620000 2.820000
134.650000 2.820000
134.680000 2.790000
134.710000 2.760000
134.740000 2.730000
134.770000 2.730000
134.800000 2.700000
134.830000 2.700000
134.860000 2.670000
134.890000 2.640000
134.920000 2.640000
134.950000 2.640000
134.980000 2.610000
135.010000 2.610000
135.040000 2.610000
135.070000 2.580000
135.100000 2.610000
135.130000 2.610000
135.160000 2.610000
135.190000 2.610000
135.220000 2.610000
135.250000 2.580000
135.280000 2.580000
135.310000 2.580000
135.340000 2.580000
135.370000 2.580000
135.400000 2.580000
135.430000 2.580000
135.460000 2.580000
135.490000 2.610000
135.520000 2.610000
135.550000 2.610000
135.580000 2.610000
135.610000 2.610000
135.640000 2.610000
135.670000 2.610000
135.700000 2.610000
135.730000 2.610000
135.760000 2.610000
135.790000 2.640000
135.820000 2.640000
135.850000 2.640000
135.880000 2.640000
135.910000 2.610000
135.940000 2.580000
135.970000 2.580000
136.000000 2.550000
136.030000 2.550000
136.060000 2.520000
136.090000 2.520000
136.120000 2.520000
136.150000 2.520000
136.180000 2.550000
136.210000 2.550000
136.240000 2.550000
136.270000 2.550000
136.300000 2.550000
136.330000 2.580000
136.360000 2.580000
136.390000 2.610000
136.420000 2.610000
136.450000 2.610000
136.480000 2.640000
136.510000 2.640000
136.540000 2.640000
136.570000 2.670000
136.600000 2.670000
136.630000 2.700000
136.660000 2.730000
136.690000 2.730000
136.720000 2.760000
136.750000 2.760000
136.780000 2.790000
136.810000 2.790000
136.840000 2.790000
136.870000 2.790000
136.900000 2.790000
136.930000 2.790000
136.960000 2.790000
136.990000 2.790000
137.020000 2.790000
137.050000 2.790000
137.080000 2.790000
137.110000 2.790000
137.140000 2.790000
137.170000 2.820000
137.200000 2.820000
137.230000 2.820000
137.260000 2.820000
137.290000 2.820000
137.320000 2.820000
137.350000 2.820000
137.380000 2.820000
137.410000 2.820000
137.440000 2.820000
137.470000 2.820000
137.500000 2.820000
137.530000 2.820000
137.560000 2.790000
137.590000 2.790000
137.620000 2.790000
137.650000 2.790000
137.680000 2.820000
137.710000 2.820000
137.740000 2.790000
137.770000 2.790000
137.800000 2.790000
137.830000 2.790000
137.860000 2.790000
137.890000 2.790000
137.920000 2.790000
137.950000 2.820000
137.980000 2.820000
138.010000 2.820000
138.040000 2.820000
138.070000 2.820000
138.100000 2.850000
138.130000 2.850000
138.160000 2.850000
138.190000 2.880000
138.220000 2.880000
138.250000 2.910000
138.280000 2.910000
138.310000 2.910000
138.340000 2.910000
138.370000 2.910000
138.400000 2.910000
138.430000 2.910000
138.460000 2.880000
138.490000 2.880000
138.520000 2.850000
138.550000 2.820000
138.580000 2.820000
138.610000 2.790000
138.640000 2.790000
138.670000 2.760000
138.700000 2.760000
138.730000 2.760000
138.760000 2.760000
138.790000 2.760000
138.820000 2.760000
138.850000 2.760000
138.880000 2.760000
138.910000 2.760000
138.940000 2.760000
138.970000 2.760000
139.000000 2.760000
139.030000 2.760000
139.060000 2.730000
139.090000 2.730000
139.120000 2.730000
139.150000 2.730000
139.180000 2.730000
139.210000 2.730000
139.240000 2.730000
139.270000 2.730000
139.300000 2.730000
139.330000 2.700000
139.360000 2.700000
139.390000 2.700000
139.420000 2.670000
139.450000 2.670000
139.480000 2.670000
139.510000 2.670000
139.540000 2.670000
139.570000 2.670000
139.600000 2.670000
139.630000 2.670000
139.660000 2.700000
139.690000 2.700000
139.720000 2.700000
139.750000 2.700000
139.780000 2.700000
139.810000 2.700000
139.840000 2.700000
139.870000 2.700000
139.900000 2.670000
139.930000 2.670000
139.960000 2.670000
139.990000 2.670000
140.020000 2.640000
140.050000 2.640000
140.080000 2.640000
140.110000 2.640000
140.140000 2.610000
140.170000 2.610000
140.200000 2.610000
140.230000 2.580000
140.260000 2.580000
140.290000 2.550000
140.320000 2.550000
140.350000 2.520000
140.380000 2.520000
140.410000 2.520000
140.440000 2.490000
140.470000 2.490000
140.500000 2.460000
140.530000 2.460000
140.560000 2.430000
140.590000 2.400000
140.620000 2.400000
140.650000 2.370000
140.680000 2.370000
140.710000 2.340000
140.740000 2.310000
140.770000 2.310000
140.800000 2.280000
140.830000 2.250000
140.860000 2.250000
140.890000 2.220000
140.920000 2.220000
140.950000 2.190000
140.980000 2.160000
141.010000 2.160000
141.040000 2.130000
141.070000 2.130000
141.100000 2.100000
141.130000 2.100000
141.160000 2.070000
141.190000 2.070000
141.220000 2.040000
141.250000 2.040000
141.280000 2.040000
141.310000 2.040000
141.340000 2.070000
141.370000 2.070000
141.400000 2.070000
141.430000 2.070000
141.460000 2.070000
141.490000 2.070000
141.520000 2.070000
141.550000 2.070000
141.580000 2.100000
141.610000 2.100000
141.640000 2.100000
141.670000 2.130000
141.700000 2.130000
141.730000 2.130000
141.760000 2.130000
141.790000 2.130000
141.820000 2.130000
141.850000 2.130000
141.880000 2.160000
141.910000 2.160000
141.940000 2.160000
141.970000 2.160000
142.000000 2.160000
142.030000 2.160000
142.060000 2.160000
142.090000 2.160000
142.120000 2.160000
142.150000 2.160000
142.180000 2.160000
142.210000 2.190000
142.240000 2.190000
142.270000 2.190000
142.300000 2.220000
142.330000 2.220000
142.360000 2.220000
142.390000 2.220000
142.420000 2.250000
142.450000 2.250000
142.480000 2.250000
142.510000 2.280000
142.540000 2.280000
142.570000 2.280000
142.600000 2.250000
142.630000 2.280000
142.660000 2.280000
142.690000 2.310000
142.720000 2.310000
142.750000 2.310000
142.780000 2.310000
142.810000 2.340000
142.840000 2.340000
142.870000 2.370000
142.900000 2.400000
142.930000 2.430000
142.960000 2.460000
142.990000 2.460000
143.020000 2.490000
143.050000 2.490000
143.080000 2.490000
143.110000 2.460000
143.140000 2.490000
143.170000 2.490000
143.200000 2.490000
143.230000 2.460000
143.260000 2.430000
143.290000 2.430000
143.320000 2.430000
143.350000 2.430000
143.380000 2.460000
143.410000 2.460000
143.440000 2.460000
143.470000 2.460000
143.500000 2.460000
143.530000 2.460000
143.560000 2.460000
143.590000 2.460000
143.620000 2.460000
143.650000 2.460000
143.680000 2.460000
143.710000 2.460000
143.740000 2.460000
143.770000 2.460000
143.800000 2.490000
143.830000 2.490000
143.860000 2.490000
143.890000 2.520000
143.920000 2.520000
143.950000 2.550000
143.980000 2.580000
144.010000 2.580000
144.040000 2.610000
144.070000 2.640000
144.100000 2.640000
144.130000 2.670000
144.160000 2.670000
144.190000 2.670000
144.220000 2.700000
144.250000 2.700000
144.280000 2.730000
144.310000 2.730000
144.340000 2.760000
144.370000 2.790000
144.400000 2.790000
144.430000 2.820000
144.460000 2.850000
144.490000 2.850000
144.520000 2.880000
144.550000 2.910000
144.580000 2.910000
144.610000 2.940000
144.640000 2.970000
144.670000 2.970000
144.700000 3.000000
144.730000 3.030000
144.760000 3.030000
144.790000 3.060000
144.820000 3.090000
144.850000 3.090000
144.880000 3.120000
144.910000 3.150000
144.940000 3.180000
144.970000 3.180000
145.000000 3.210000
145.030000 3.240000
145.060000 3.270000
145.090000 3.270000
145.120000 3.270000
145.150000 3.270000
145.180000 3.270000
145.210000 3.270000
145.240000 3.270000
145.270000 3.270000
145.300000 3.270000
145.330000 3.300000
145.360000 3.300000
145.390000 3.330000
145.420000 3.330000
145.450000 3.330000
145.480000 3.360000
145.510000 3.360000
145.540000 3.390000
145.570000 3.390000
145.600000 3.390000
145.630000 3.390000
145.660000 3.390000
145.690000 3.390000
145.720000 3.360000
145.750000 3.360000
145.780000 3.390000
145.810000 3.390000
145.840000 3.390000
145.870000 3.390000
145.900000 3.360000
145.930000 3.360000
145.960000 3.330000
145.990000 3.300000
146.020000 3.300000
146.050000 3.270000
146.080000 3.240000
146.110000 3.210000
146.140000 3.210000
146.170000 3.180000
146.200000 3.180000
146.230000 3.150000
146.260000 3.120000
146.290000 3.090000
146.320000 3.060000
146.350000 3.060000
146.380000 3.030000
146.410000 3.000000
146.440000 3.000000
146.470000 2.970000
146.500000 2.970000
146.530000 2.970000
146.560000 2.970000
146.590000 2.940000
146.620000 2.940000
146.650000 2.940000
146.680000 2.910000
146.710000 2.910000
146.740000 2.910000
146.770000 2.940000
146.800000 2.940000
146.830000 2.970000
146.860000 2.970000
146.890000 2.970000
146.920000 2.970000
146.950000 2.970000
146.980000 2.940000
147.010000 2.940000
147.040000 2.910000
147.070000 2.910000
147.100000 2.940000
147.130000 2.940000
147.160000 2.970000
147.190000 2.970000
147.220000 2.970000
147.250000 2.970000
147.280000 3.000000
147.310000 3.000000
147.340000 3.030000
147.370000 3.030000
147.400000 3.060000
147.430000 3.060000
147.460000 3.060000
147.490000 3.090000
147.520000 3.090000
147.550000 3.090000
147.580000 3.090000
147.610000 3.090000
147.640000 3.090000
147.670000 3.090000
147.700000 3.090000
147.730000 3.090000
147.760000 3.090000
147.790000 3.090000
147.820000 3.090000
147.850000 3.120000
147.880000 3.120000
147.910000 3.120000
147.940000 3.120000
147.970000 3.120000
148.000000 3.120000
148.030000 3.120000
148.060000 3.090000
148.090000 3.090000
148.120000 3.090000
148.150000 3.060000
148.180000 3.060000
148.210000 3.030000
148.240000 3.000000
148.270000 3.000000
148.300000 2.970000
148.330000 2.970000
148.360000 2.940000
148.390000 2.940000
148.420000 2.910000
148.450000 2.910000
148.480000 2.910000
148.510000 2.880000
148.540000 2.880000
148.570000 2.850000
148.600000 2.850000
148.630000 2.820000
148.660000 2.790000
148.690000 2.790000
148.720000 2.760000
148.750000 2.730000
148.780000 2.730000
148.810000 2.700000
148.840000 2.670000
148.870000 2.670000
148.900000 2.640000
148.930000 2.640000
148.960000 2.610000
148.990000 2.610000
149.020000 2.580000
149.050000 2.580000
149.080000 2.550000
149.110000 2.550000
149.140000 2.520000
149.170000 2.520000
149.200000 2.520000
149.230000 2.490000
149.260000 2.460000
149.290000 2.460000
149.320000 2.430000
149.350000 2.400000
149.380000 2.400000
149.410000 2.400000
149.440000 2.400000
149.470000 2.400000
149.500000 2.400000
149.530000 2.400000
149.560000 2.400000
149.590000 2.400000
149.620000 2.370000
149.650000 2.400000
149.680000 2.400000
149.710000 2.400000
149.740000 2.370000
149.770000 2.370000
149.800000 2.340000
149.830000 2.340000
149.860000 2.340000
149.890000 2.310000
149.920000 2.310000
149.950000 2.280000
149.980000 2.280000
150.010000 2.250000
150.040000 2.250000
150.070000 2.220000
150.100000 2.220000
150.130000 2.190000
150.160000 2.190000
150.190000 2.160000
150.220000 2.160000
150.250000 2.160000
150.280000 2.130000
150.310000 2.130000
150.340000 2.100000
150.370000 2.100000
150.400000 2.100000
150.430000 2.070000
150.460000 2.070000
150.490000 2.070000
150.520000 2.040000
150.550000 2.040000
150.580000 2.040000
150.610000 2.010000
150.640000 2.010000
150.670000 2.010000
150.700000 2.010000
150.730000 2.010000
150.760000 2.010000
150.790000 2.010000
150.820000 2.010000
150.850000 2.010000
150.880000 2.010000
150.910000 1.980000
150.940000 1.980000
150.970000 1.980000
151.000000 1.950000
151.030000 1.950000
151.060000 1.950000
151.090000 1.950000
151.120000 1.950000
151.150000 1.920000
151.180000 1.920000
151.210000 1.920000
151.240000 1.920000
151.270000 1.920000
151.300000 1.920000
151.330000 1.890000
151.360000 1.890000
151.390000 1.890000
151.420000 1.890000
151.450000 1.890000
151.480000 1.890000
151.510000 1.890000
151.540000 1.860000
151.570000 1.860000
151.600000 1.830000
151.630000 1.830000
151.660000 1.830000
151.690000 1.800000
151.720000 1.800000
151.750000 1.800000
151.780000 1.770000
151.810000 1.770000
151.840000 1.770000
151.870000 1.770000
151.900000 1.770000
151.930000 1.770000
151.960000 1.770000
151.990000 1.740000
152.020000 1.740000
152.050000 1.740000
152.080000 1.740000
152.110000 1.710000
152.140000 1.710000
152.170000 1.710000
152.200000 1.710000
152.230000 1.710000
152.260000 1.710000
152.290000 1.710000
152.320000 1.710000
152.350000 1.710000
152.380000 1.710000
152.410000 1.710000
152.440000 1.680000
152.470000 1.680000
152.500000 1.680000
152.530000 1.680000
152.560000 1.650000
152.590000 1.650000
152.620000 1.650000
152.650000 1.620000
152.680000 1.620000
152.710000 1.590000
152.740000 1.590000
152.770000 1.590000
152.800000 1.590000
152.830000 1.590000
152.860000 1.590000
152.890000 1.560000
152.920000 1.560000
152.950000 1.560000
152.980000 1.560000
153.010000 1.560000
153.040000 1.590000
153.070000 1.590000
153.100000 1.620000
153.130000 1.620000
153.160000 1.620000
153.190000 1.650000
153.220000 1.650000
153.250000 1.680000
153.280000 1.680000
153.310000 1.680000
153.340000 1.710000
153.370000 1.710000
153.400000 1.710000
153.430000 1.710000
153.460000 1.740000
153.490000 1.740000
153.520000 1.740000
153.550000 1.740000
153.580000 1.710000
153.610000 1.710000
153.640000 1.710000
153.670000 1.710000
153.700000 1.710000
153.730000 1.710000
153.760000 1.710000
153.790000 1.710000
153.820000 1.710000
153.850000 1.710000
153.880000 1.680000
153.910000 1.680000
153.940000 1.680000
153.970000 1.680000
154.000000 1.680000
154.030000 1.680000
154.060000 1.680000
154.090000 1.680000
154.120000 1.680000
154.150000 1.710000
154.180000 1.710000
154.210000 1.740000
154.240000 1.740000
154.270000 1.710000
154.300000 1.710000
154.330000 1.740000
154.360000 1.740000
154.390000 1.740000
154.420000 1.740000
154.450000 1.740000
154.480000 1.740000
154.510000 1.740000
154.540000 1.710000
154.570000 1.710000
154.600000 1.680000
154.630000 1.680000
154.660000 1.680000
154.690000 1.680000
154.720000 1.680000
154.750000 1.680000
154.780000 1.680000
154.810000 1.680000
154.840000 1.650000
154.870000 1.650000
154.900000 1.650000
154.930000 1.620000
154.960000 1.650000
154.990000 1.650000
155.020000 1.650000
155.050000 1.650000
155.080000 1.650000
155.110000 1.650000
155.140000 1.650000
155.170000 1.650000
155.200000 1.680000
155.230000 1.680000
155.260000 1.680000
155.290000 1.710000
155.320000 1.710000
155.350000 1.710000
155.380000 1.710000
155.410000 1.740000
155.440000 1.740000
155.470000 1.740000
155.500000 1.740000
155.530000 1.740000
155.560000 1.740000
155.590000 1.740000
155.620000 1.770000
155.650000 1.770000
155.680000 1.770000
155.710000 1.770000
155.740000 1.770000
155.770000 1.770000
155.800000 1.770000
155.830000 1.770000
155.860000 1.800000
155.890000 1.800000
155.920000 1.800000
155.950000 1.830000
155.980000 1.830000
156.010000 1.860000
156.040000 1.860000
156.070000 1.890000
156.100000 1.920000
156.130000 1.920000
156.160000 1.950000
156.190000 1.980000
156.220000 1.980000
156.250000 1.980000
156.280000 1.980000
156.310000 2.010000
156.340000 2.010000
156.370000 2.010000
156.400000 2.010000
156.430000 2.010000
156.460000 2.010000
156.490000 2.010000
156.520000 1.980000
156.550000 1.950000
156.580000 1.950000
156.610000 1.950000
156.640000 1.950000
156.670000 1.950000
156.700000 1.950000
156.730000 1.950000
156.760000 1.950000
156.790000 1.920000
156.820000 1.920000
156.850000 1.890000
156.880000 1.860000
156.910000 1.830000
156.940000 1.800000
156.970000 1.800000
157.000000 1.770000
157.030000 1.740000
157.060000 1.740000
157.090000 1.740000
157.120000 1.710000
157.150000 1.710000
157.180000 1.710000
157.210000 1.710000
157.240000 1.710000
157.270000 1.680000
157.300000 1.680000
157.330000 1.650000
157.360000 1.650000
157.390000 1.620000
157.420000 1.590000
157.450000 1.590000
157.480000 1.560000
157.510000 1.560000
157.540000 1.590000
157.570000 1.590000
157.600000 1.590000
157.630000 1.590000
157.660000 1.590000
157.690000 1.590000
157.720000 1.590000
157.750000 1.590000
157.780000 1.590000
157.810000 1.560000
157.840000 1.560000
157.870000 1.560000
157.900000 1.560000
157.930000 1.560000
157.960000 1.560000
157.990000 1.530000
158.020000 1.530000
158.050000 1.500000
158.080000 1.470000
158.110000 1.470000
158.140000 1.440000
158.170000 1.440000
158.200000 1.470000
158.230000 1.470000
158.260000 1.470000
158.290000 1.470000
158.320000 1.470000
158.350000 1.470000
158.380000 1.470000
158.410000 1.470000
158.440000 1.470000
158.470000 1.470000
158.500000 1.470000
158.530000 1.470000
158.560000 1.440000
158.590000 1.440000
158.620000 1.410000
158.650000 1.410000
158.680000 1.380000
158.710000 1.350000
158.740000 1.350000
158.770000 1.350000
158.800000 1.350000
158.830000 1.350000
158.860000 1.320000
158.890000 1.320000
158.920000 1.320000
158.950000 1.290000
158.980000 1.290000
159.010000 1.290000
159.040000 1.290000
159.070000 1.290000
159.100000 1.290000
159.130000 1.290000
159.160000 1.260000
159.190000 1.260000
159.220000 1.260000
159.250000 1.260000
159.280000 1.260000
159.310000 1.260000
159.340000 1.260000
159.370000 1.230000
159.400000 1.230000
159.430000 1.230000
159.460000 1.230000
159.490000 1.230000
159.520000 1.200000
159.550000 1.200000
159.580000 1.200000
159.610000 1.200000
159.640000 1.200000
159.670000 1.200000
159.700000 1.200000
159.730000 1.200000
159.760000 1.200000
159.790000 1.200000
159.820000 1.200000
159.850000 1.200000
159.880000 1.200000
159.910000 1.200000
159.940000 1.200000
159.970000 1.200000
