227396.000000 5644154.000000
241.000000 2.000000
241.000000 130.000000
115.000000 4.005000
115.007500 4.005000
115.015000 4.012500
115.022500 4.012500
115.030000 4.012500
115.037500 4.020000
115.045000 4.020000
115.052500 4.027500
115.060000 4.027500
115.067500 4.035000
115.075000 4.035000
115.082500 4.042500
115.090000 4.042500
115.097500 4.050000
115.105000 4.050000
115.112500 4.050000
115.120000 4.057500
115.127500 4.065000
115.135000 4.065000
115.142500 4.080000
115.150000 4.087500
115.157500 4.095000
115.165000 4.110000
115.172500 4.125000
115.180000 4.140000
115.187500 4.155000
115.195000 4.170000
115.202500 4.177500
115.210000 4.192500
115.217500 4.200000
115.225000 4.207500
115.232500 4.215000
115.240000 4.222500
115.247500 4.230000
115.255000 4.237500
115.262500 4.245000
115.270000 4.252500
115.277500 4.260000
115.285000 4.275000
115.292500 4.282500
115.300000 4.290000
115.307500 4.297500
115.315000 4.305000
115.322500 4.312500
115.330000 4.320000
115.337500 4.320000
115.345000 4.327500
115.352500 4.335000
115.360000 4.342500
115.367500 4.342500
115.375000 4.342500
115.382500 4.350000
115.390000 4.350000
115.397500 4.357500
115.405000 4.357500
115.412500 4.357500
115.420000 4.357500
115.427500 4.365000
115.435000 4.365000
115.442500 4.365000
115.450000 4.372500
115.457500 4.372500
115.465000 4.380000
115.472500 4.380000
115.480000 4.387500
115.487500 4.387500
115.495000 4.395000
115.502500 4.395000
115.510000 4.402500
115.517500 4.402500
115.525000 4.410000
115.532500 4.410000
115.540000 4.417500
115.547500 4.425000
115.555000 4.432500
115.562500 4.432500
115.570000 4.432500
115.577500 4.440000
115.585000 4.440000
115.592500 4.447500
115.600000 4.447500
115.607500 4.447500
115.615000 4.447500
115.622500 4.447500
115.630000 4.455000
115.637500 4.455000
115.645000 4.462500
115.652500 4.462500
115.660000 4.455000
115.667500 4.455000
115.675000 4.455000
115.682500 4.462500
115.690000 4.462500
115.697500 4.462500
115.705000 4.462500
115.712500 4.462500
115.720000 4.462500
115.727500 4.470000
115.735000 4.470000
115.742500 4.477500
115.750000 4.477500
115.757500 4.477500
115.765000 4.477500
115.772500 4.477500
115.780000 4.485000
115.787500 4.485000
115.795000 4.492500
115.802500 4.492500
115.810000 4.492500
115.817500 4.492500
115.825000 4.492500
115.832500 4.500000
115.840000 4.500000
115.847500 4.500000
115.855000 4.507500
115.862500 4.507500
115.870000 4.515000
115.877500 4.515000
115.885000 4.522500
115.892500 4.522500
115.900000 4.530000
115.907500 4.530000
115.915000 4.537500
115.922500 4.537500
115.930000 4.545000
115.937500 4.545000
115.945000 4.545000
115.952500 4.552500
115.960000 4.552500
115.967500 4.552500
115.975000 4.560000
115.982500 4.567500
115.990000 4.567500
115.997500 4.575000
116.005000 4.575000
116.012500 4.582500
116.020000 4.582500
116.027500 4.582500
116.035000 4.590000
116.042500 4.590000
116.050000 4.597500
116.057500 4.597500
116.065000 4.597500
116.072500 4.605000
116.080000 4.605000
116.087500 4.605000
116.095000 4.605000
116.102500 4.612500
116.110000 4.612500
116.117500 4.612500
116.125000 4.612500
116.132500 4.620000
116.140000 4.620000
116.147500 4.620000
116.155000 4.627500
116.162500 4.627500
116.170000 4.627500
116.177500 4.635000
116.185000 4.635000
116.192500 4.642500
116.200000 4.642500
116.207500 4.650000
116.215000 4.650000
116.222500 4.657500
116.230000 4.657500
116.237500 4.657500
116.245000 4.665000
116.252500 4.665000
116.260000 4.665000
116.267500 4.672500
116.275000 4.672500
116.282500 4.672500
116.290000 4.672500
116.297500 4.680000
116.305000 4.680000
116.312500 4.687500
116.320000 4.687500
116.327500 4.695000
116.335000 4.695000
116.342500 4.695000
116.350000 4.695000
116.357500 4.702500
116.365000 4.702500
116.372500 4.710000
116.380000 4.710000
116.387500 4.717500
116.395000 4.717500
116.402500 4.717500
116.410000 4.717500
116.417500 4.717500
116.425000 4.725000
116.432500 4.725000
116.440000 4.732500
116.447500 4.732500
116.455000 4.732500
116.462500 4.732500
116.470000 4.740000
116.477500 4.740000
116.485000 4.747500
116.492500 4.755000
116.500000 4.762500
116.507500 4.762500
116.515000 4.770000
116.522500 4.770000
116.530000 4.770000
116.537500 4.777500
116.545000 4.777500
116.552500 4.792500
116.560000 4.792500
116.567500 4.800000
116.575000 4.800000
116.582500 4.807500
116.590000 4.807500
116.597500 4.807500
116.605000 4.815000
116.612500 4.815000
116.620000 4.822500
116.627500 4.822500
116.635000 4.830000
116.642500 4.837500
116.650000 4.837500
116.657500 4.837500
116.665000 4.845000
116.672500 4.845000
116.680000 4.845000
116.687500 4.852500
116.695000 4.860000
116.702500 4.860000
116.710000 4.867500
116.717500 4.875000
116.725000 4.875000
116.732500 4.882500
116.740000 4.882500
116.747500 4.890000
116.755000 4.897500
116.762500 4.897500
116.770000 4.905000
116.777500 4.912500
116.785000 4.912500
116.792500 4.912500
116.800000 4.920000
116.807500 4.920000
116.815000 4.920000
116.822500 4.927500
116.830000 4.927500
116.837500 4.935000
116.845000 4.942500
116.852500 4.942500
116.860000 4.950000
116.867500 4.950000
116.875000 4.950000
116.882500 4.957500
116.890000 4.957500
116.897500 4.957500
116.905000 4.965000
116.912500 4.965000
116.920000 4.965000
116.927500 4.972500
116.935000 4.980000
116.942500 4.980000
116.950000 4.980000
116.957500 4.987500
116.965000 4.987500
116.972500 4.987500
116.980000 4.995000
116.987500 4.995000
116.995000 5.002500
117.002500 5.002500
117.010000 5.010000
117.017500 5.010000
117.025000 5.017500
117.032500 5.025000
117.040000 5.025000
117.047500 5.025000
117.055000 5.032500
117.062500 5.032500
117.070000 5.040000
117.077500 5.040000
117.085000 5.040000
117.092500 5.047500
117.100000 5.047500
117.107500 5.055000
117.115000 5.055000
117.122500 5.062500
117.130000 5.062500
117.137500 5.062500
117.145000 5.070000
117.152500 5.070000
117.160000 5.070000
117.167500 5.077500
117.175000 5.077500
117.182500 5.077500
117.190000 5.085000
117.197500 5.085000
117.205000 5.085000
117.212500 5.085000
117.220000 5.092500
117.227500 5.092500
117.235000 5.092500
117.242500 5.100000
117.250000 5.100000
117.257500 5.100000
117.265000 5.107500
117.272500 5.115000
117.280000 5.115000
117.287500 5.115000
117.295000 5.122500
117.302500 5.122500
117.310000 5.122500
117.317500 5.130000
117.325000 5.130000
117.332500 5.137500
117.340000 5.137500
117.347500 5.145000
117.355000 5.145000
117.362500 5.145000
117.370000 5.145000
117.377500 5.152500
117.385000 5.152500
117.392500 5.152500
117.400000 5.160000
117.407500 5.167500
117.415000 5.167500
117.422500 5.175000
117.430000 5.175000
117.437500 5.175000
117.445000 5.182500
117.452500 5.182500
117.460000 5.182500
117.467500 5.190000
117.475000 5.190000
117.482500 5.197500
117.490000 5.205000
117.497500 5.205000
117.505000 5.205000
117.512500 5.212500
117.520000 5.212500
117.527500 5.220000
117.535000 5.227500
117.542500 5.227500
117.550000 5.227500
117.557500 5.242500
117.565000 5.250000
117.572500 5.257500
117.580000 5.257500
117.587500 5.257500
117.595000 5.265000
117.602500 5.265000
117.610000 5.265000
117.617500 5.265000
117.625000 5.265000
117.632500 5.272500
117.640000 5.272500
117.647500 5.280000
117.655000 5.280000
117.662500 5.280000
117.670000 5.280000
117.677500 5.287500
117.685000 5.287500
117.692500 5.295000
117.700000 5.295000
117.707500 5.295000
117.715000 5.302500
117.722500 5.310000
117.730000 5.310000
117.737500 5.310000
117.745000 5.310000
117.752500 5.317500
117.760000 5.325000
117.767500 5.325000
117.775000 5.325000
117.782500 5.325000
117.790000 5.325000
117.797500 5.325000
117.805000 5.325000
117.812500 5.325000
117.820000 5.325000
117.827500 5.325000
117.835000 5.332500
117.842500 5.332500
117.850000 5.332500
117.857500 5.332500
117.865000 5.332500
117.872500 5.332500
117.880000 5.332500
117.887500 5.340000
117.895000 5.340000
117.902500 5.340000
117.910000 5.340000
117.917500 5.340000
117.925000 5.347500
117.932500 5.355000
117.940000 5.355000
117.947500 5.355000
117.955000 5.355000
117.962500 5.362500
117.970000 5.370000
117.977500 5.370000
117.985000 5.370000
117.992500 5.377500
118.000000 5.377500
118.007500 5.377500
118.015000 5.377500
118.022500 5.377500
118.030000 5.385000
118.037500 5.385000
118.045000 5.385000
118.052500 5.385000
118.060000 5.385000
118.067500 5.385000
118.075000 5.392500
118.082500 5.392500
118.090000 5.392500
118.097500 5.392500
118.105000 5.392500
118.112500 5.392500
118.120000 5.392500
118.127500 5.400000
118.135000 5.400000
118.142500 5.400000
118.150000 5.400000
118.157500 5.400000
118.165000 5.407500
118.172500 5.407500
118.180000 5.407500
118.187500 5.407500
118.195000 5.407500
118.202500 5.407500
118.210000 5.407500
118.217500 5.407500
118.225000 5.415000
118.232500 5.415000
118.240000 5.415000
118.247500 5.415000
118.255000 5.415000
118.262500 5.415000
118.270000 5.415000
118.277500 5.422500
118.285000 5.422500
118.292500 5.422500
118.300000 5.422500
118.307500 5.430000
118.315000 5.430000
118.322500 5.430000
118.330000 5.430000
118.337500 5.437500
118.345000 5.437500
118.352500 5.437500
118.360000 5.437500
118.367500 5.445000
118.375000 5.445000
118.382500 5.445000
118.390000 5.452500
118.397500 5.452500
118.405000 5.452500
118.412500 5.460000
118.420000 5.460000
118.427500 5.460000
118.435000 5.467500
118.442500 5.467500
118.450000 5.467500
118.457500 5.475000
118.465000 5.475000
118.472500 5.482500
118.480000 5.482500
118.487500 5.490000
118.495000 5.490000
118.502500 5.497500
118.510000 5.497500
118.517500 5.505000
118.525000 5.505000
118.532500 5.505000
118.540000 5.505000
118.547500 5.512500
118.555000 5.512500
118.562500 5.520000
118.570000 5.520000
118.577500 5.520000
118.585000 5.527500
118.592500 5.527500
118.600000 5.527500
118.607500 5.535000
118.615000 5.535000
118.622500 5.542500
118.630000 5.542500
118.637500 5.542500
118.645000 5.550000
118.652500 5.550000
118.660000 5.557500
118.667500 5.557500
118.675000 5.565000
118.682500 5.565000
118.690000 5.565000
118.697500 5.572500
118.705000 5.572500
118.712500 5.580000
118.720000 5.580000
118.727500 5.587500
118.735000 5.595000
118.742500 5.595000
118.750000 5.602500
118.757500 5.602500
118.765000 5.610000
118.772500 5.617500
118.780000 5.617500
118.787500 5.617500
118.795000 5.625000
118.802500 5.625000
118.810000 5.625000
118.817500 5.632500
118.825000 5.632500
118.832500 5.632500
118.840000 5.640000
118.847500 5.640000
118.855000 5.647500
118.862500 5.647500
118.870000 5.655000
118.877500 5.655000
118.885000 5.662500
118.892500 5.662500
118.900000 5.662500
118.907500 5.670000
118.915000 5.670000
118.922500 5.677500
118.930000 5.677500
118.937500 5.685000
118.945000 5.685000
118.952500 5.692500
118.960000 5.692500
118.967500 5.692500
118.975000 5.700000
118.982500 5.707500
118.990000 5.707500
118.997500 5.707500
119.005000 5.715000
119.012500 5.715000
119.020000 5.722500
119.027500 5.722500
119.035000 5.730000
119.042500 5.730000
119.050000 5.737500
119.057500 5.737500
119.065000 5.737500
119.072500 5.745000
119.080000 5.745000
119.087500 5.752500
119.095000 5.752500
119.102500 5.760000
119.110000 5.760000
119.117500 5.767500
119.125000 5.767500
119.132500 5.775000
119.140000 5.775000
119.147500 5.775000
119.155000 5.782500
119.162500 5.782500
119.170000 5.790000
119.177500 5.790000
119.185000 5.797500
119.192500 5.797500
119.200000 5.797500
119.207500 5.805000
119.215000 5.805000
119.222500 5.812500
119.230000 5.812500
119.237500 5.820000
119.245000 5.820000
119.252500 5.827500
119.260000 5.827500
119.267500 5.827500
119.275000 5.835000
119.282500 5.835000
119.290000 5.842500
119.297500 5.842500
119.305000 5.850000
119.312500 5.850000
119.320000 5.857500
119.327500 5.857500
119.335000 5.865000
119.342500 5.865000
119.350000 5.865000
119.357500 5.872500
119.365000 5.872500
119.372500 5.880000
119.380000 5.880000
119.387500 5.887500
119.395000 5.887500
119.402500 5.895000
119.410000 5.895000
119.417500 5.902500
119.425000 5.902500
119.432500 5.902500
119.440000 5.910000
119.447500 5.910000
119.455000 5.917500
119.462500 5.917500
119.470000 5.917500
119.477500 5.925000
119.485000 5.925000
119.492500 5.932500
119.500000 5.932500
119.507500 5.940000
119.515000 5.940000
119.522500 5.947500
119.530000 5.947500
119.537500 5.955000
119.545000 5.955000
119.552500 5.955000
119.560000 5.962500
119.567500 5.962500
119.575000 5.970000
119.582500 5.970000
119.590000 5.977500
119.597500 5.985000
119.605000 5.985000
119.612500 5.992500
119.620000 5.992500
119.627500 6.000000
119.635000 6.000000
119.642500 6.007500
119.650000 6.007500
119.657500 6.015000
119.665000 6.015000
119.672500 6.022500
119.680000 6.022500
119.687500 6.030000
119.695000 6.037500
119.702500 6.037500
119.710000 6.045000
119.717500 6.045000
119.725000 6.052500
119.732500 6.060000
119.740000 6.060000
119.747500 6.067500
119.755000 6.075000
119.762500 6.082500
119.770000 6.090000
119.777500 6.090000
119.785000 6.097500
119.792500 6.097500
119.800000 6.105000
119.807500 6.112500
119.815000 6.120000
119.822500 6.120000
119.830000 6.127500
119.837500 6.135000
119.845000 6.135000
119.852500 6.142500
119.860000 6.150000
119.867500 6.150000
119.875000 6.157500
119.882500 6.165000
119.890000 6.165000
119.897500 6.172500
119.905000 6.180000
119.912500 6.187500
119.920000 6.187500
119.927500 6.195000
119.935000 6.195000
119.942500 6.202500
119.950000 6.210000
119.957500 6.210000
119.965000 6.217500
119.972500 6.225000
119.980000 6.225000
119.987500 6.232500
119.995000 6.240000
120.002500 6.240000
120.010000 6.247500
120.017500 6.255000
120.025000 6.262500
120.032500 6.262500
120.040000 6.270000
120.047500 6.277500
120.055000 6.285000
120.062500 6.285000
120.070000 6.292500
120.077500 6.300000
120.085000 6.307500
120.092500 6.307500
120.100000 6.315000
120.107500 6.322500
120.115000 6.330000
120.122500 6.330000
120.130000 6.337500
120.137500 6.345000
120.145000 6.352500
120.152500 6.352500
120.160000 6.360000
120.167500 6.367500
120.175000 6.375000
120.182500 6.382500
120.190000 6.382500
120.197500 6.390000
120.205000 6.397500
120.212500 6.397500
120.220000 6.405000
120.227500 6.405000
120.235000 6.412500
120.242500 6.420000
120.250000 6.420000
120.257500 6.427500
120.265000 6.427500
120.272500 6.427500
120.280000 6.435000
120.287500 6.442500
120.295000 6.450000
120.302500 6.457500
120.310000 6.465000
120.317500 6.465000
120.325000 6.472500
120.332500 6.480000
120.340000 6.480000
120.347500 6.480000
120.355000 6.487500
120.362500 6.495000
120.370000 6.495000
120.377500 6.502500
120.385000 6.502500
120.392500 6.510000
120.400000 6.510000
120.407500 6.510000
120.415000 6.517500
120.422500 6.517500
120.430000 6.525000
120.437500 6.525000
120.445000 6.532500
120.452500 6.540000
120.460000 6.540000
120.467500 6.540000
120.475000 6.547500
120.482500 6.547500
120.490000 6.555000
120.497500 6.555000
120.505000 6.555000
120.512500 6.562500
120.520000 6.562500
120.527500 6.570000
120.535000 6.570000
120.542500 6.570000
120.550000 6.570000
120.557500 6.570000
120.565000 6.570000
120.572500 6.570000
120.580000 6.577500
120.587500 6.577500
120.595000 6.577500
120.602500 6.577500
120.610000 6.577500
120.617500 6.577500
120.625000 6.577500
120.632500 6.577500
120.640000 6.577500
120.647500 6.585000
120.655000 6.592500
120.662500 6.592500
120.670000 6.592500
120.677500 6.585000
120.685000 6.592500
120.692500 6.592500
120.700000 6.600000
120.707500 6.600000
120.715000 6.600000
120.722500 6.600000
120.730000 6.600000
120.737500 6.600000
120.745000 6.600000
120.752500 6.607500
120.760000 6.607500
120.767500 6.607500
120.775000 6.607500
120.782500 6.607500
120.790000 6.615000
120.797500 6.615000
120.805000 6.615000
120.812500 6.615000
120.820000 6.615000
120.827500 6.615000
120.835000 6.615000
120.842500 6.615000
120.850000 6.615000
120.857500 6.615000
120.865000 6.607500
120.872500 6.607500
120.880000 6.607500
120.887500 6.607500
120.895000 6.607500
120.902500 6.607500
120.910000 6.607500
120.917500 6.607500
120.925000 6.607500
120.932500 6.615000
120.940000 6.615000
120.947500 6.615000
120.955000 6.615000
120.962500 6.615000
120.970000 6.615000
120.977500 6.615000
120.985000 6.615000
120.992500 6.615000
121.000000 6.607500
121.007500 6.607500
121.015000 6.607500
121.022500 6.607500
121.030000 6.607500
121.037500 6.607500
121.045000 6.607500
121.052500 6.607500
121.060000 6.607500
121.067500 6.615000
121.075000 6.615000
121.082500 6.615000
121.090000 6.615000
121.097500 6.615000
121.105000 6.622500
121.112500 6.630000
121.120000 6.630000
121.127500 6.630000
121.135000 6.630000
121.142500 6.630000
121.150000 6.630000
121.157500 6.630000
121.165000 6.622500
121.172500 6.622500
121.180000 6.622500
121.187500 6.615000
121.195000 6.607500
121.202500 6.607500
121.210000 6.600000
121.217500 6.600000
121.225000 6.592500
121.232500 6.585000
121.240000 6.585000
121.247500 6.577500
121.255000 6.570000
121.262500 6.570000
121.270000 6.562500
121.277500 6.555000
121.285000 6.555000
121.292500 6.547500
121.300000 6.540000
121.307500 6.532500
121.315000 6.532500
121.322500 6.525000
121.330000 6.517500
121.337500 6.510000
121.345000 6.510000
121.352500 6.502500
121.360000 6.495000
121.367500 6.495000
121.375000 6.487500
121.382500 6.480000
121.390000 6.480000
121.397500 6.472500
121.405000 6.465000
121.412500 6.457500
121.420000 6.450000
121.427500 6.450000
121.435000 6.442500
121.442500 6.435000
121.450000 6.435000
121.457500 6.427500
121.465000 6.420000
121.472500 6.420000
121.480000 6.412500
121.487500 6.405000
121.495000 6.397500
121.502500 6.397500
121.510000 6.390000
121.517500 6.390000
121.525000 6.382500
121.532500 6.382500
121.540000 6.375000
121.547500 6.367500
121.555000 6.367500
121.562500 6.360000
121.570000 6.360000
121.577500 6.352500
121.585000 6.352500
121.592500 6.345000
121.600000 6.337500
121.607500 6.337500
121.615000 6.330000
121.622500 6.330000
121.630000 6.322500
121.637500 6.315000
121.645000 6.315000
121.652500 6.307500
121.660000 6.307500
121.667500 6.300000
121.675000 6.300000
121.682500 6.292500
121.690000 6.285000
121.697500 6.285000
121.705000 6.285000
121.712500 6.277500
121.720000 6.277500
121.727500 6.270000
121.735000 6.262500
121.742500 6.255000
121.750000 6.255000
121.757500 6.247500
121.765000 6.247500
121.772500 6.240000
121.780000 6.240000
121.787500 6.232500
121.795000 6.225000
121.802500 6.225000
121.810000 6.217500
121.817500 6.217500
121.825000 6.210000
121.832500 6.202500
121.840000 6.202500
121.847500 6.195000
121.855000 6.195000
121.862500 6.187500
121.870000 6.180000
121.877500 6.180000
121.885000 6.172500
121.892500 6.165000
121.900000 6.165000
121.907500 6.157500
121.915000 6.150000
121.922500 6.150000
121.930000 6.142500
121.937500 6.142500
121.945000 6.135000
121.952500 6.135000
121.960000 6.127500
121.967500 6.120000
121.975000 6.120000
121.982500 6.120000
121.990000 6.112500
121.997500 6.105000
122.005000 6.105000
122.012500 6.097500
122.020000 6.097500
122.027500 6.090000
122.035000 6.090000
122.042500 6.082500
122.050000 6.082500
122.057500 6.075000
122.065000 6.075000
122.072500 6.067500
122.080000 6.060000
122.087500 6.060000
122.095000 6.052500
122.102500 6.052500
122.110000 6.045000
122.117500 6.045000
122.125000 6.037500
122.132500 6.030000
122.140000 6.030000
122.147500 6.022500
122.155000 6.022500
122.162500 6.015000
122.170000 6.015000
122.177500 6.007500
122.185000 6.000000
122.192500 6.000000
122.200000 5.992500
122.207500 5.992500
122.215000 5.985000
122.222500 5.985000
122.230000 5.977500
122.237500 5.970000
122.245000 5.970000
122.252500 5.962500
122.260000 5.962500
122.267500 5.955000
122.275000 5.955000
122.282500 5.947500
122.290000 5.947500
122.297500 5.940000
122.305000 5.940000
122.312500 5.932500
122.320000 5.932500
122.327500 5.925000
122.335000 5.925000
122.342500 5.917500
122.350000 5.917500
122.357500 5.910000
122.365000 5.910000
122.372500 5.902500
122.380000 5.902500
122.387500 5.895000
122.395000 5.895000
122.402500 5.887500
122.410000 5.887500
122.417500 5.880000
122.425000 5.880000
122.432500 5.872500
122.440000 5.872500
122.447500 5.865000
122.455000 5.865000
122.462500 5.857500
122.470000 5.857500
122.477500 5.857500
122.485000 5.850000
122.492500 5.842500
122.500000 5.842500
122.507500 5.835000
122.515000 5.835000
122.522500 5.827500
122.530000 5.827500
122.537500 5.820000
122.545000 5.820000
122.552500 5.812500
122.560000 5.812500
122.567500 5.812500
122.575000 5.805000
122.582500 5.805000
122.590000 5.797500
122.597500 5.797500
122.605000 5.790000
122.612500 5.790000
122.620000 5.782500
122.627500 5.782500
122.635000 5.775000
122.642500 5.775000
122.650000 5.775000
122.657500 5.767500
122.665000 5.767500
122.672500 5.760000
122.680000 5.760000
122.687500 5.752500
122.695000 5.752500
122.702500 5.745000
122.710000 5.745000
122.717500 5.737500
122.725000 5.737500
122.732500 5.730000
122.740000 5.730000
122.747500 5.730000
122.755000 5.722500
122.762500 5.722500
122.770000 5.715000
122.777500 5.715000
122.785000 5.715000
122.792500 5.707500
122.800000 5.707500
122.807500 5.700000
122.815000 5.700000
122.822500 5.692500
122.830000 5.692500
122.837500 5.692500
122.845000 5.685000
122.852500 5.685000
122.860000 5.677500
122.867500 5.677500
122.875000 5.677500
122.882500 5.670000
122.890000 5.670000
122.897500 5.662500
122.905000 5.662500
122.912500 5.662500
122.920000 5.655000
122.927500 5.655000
122.935000 5.647500
122.942500 5.647500
122.950000 5.640000
122.957500 5.640000
122.965000 5.640000
122.972500 5.632500
122.980000 5.632500
122.987500 5.625000
122.995000 5.625000
123.002500 5.617500
123.010000 5.617500
123.017500 5.617500
123.025000 5.610000
123.032500 5.610000
123.040000 5.602500
123.047500 5.602500
123.055000 5.595000
123.062500 5.595000
123.070000 5.595000
123.077500 5.587500
123.085000 5.587500
123.092500 5.580000
123.100000 5.580000
123.107500 5.572500
123.115000 5.572500
123.122500 5.565000
123.130000 5.565000
123.137500 5.565000
123.145000 5.557500
123.152500 5.557500
123.160000 5.550000
123.167500 5.550000
123.175000 5.542500
123.182500 5.542500
123.190000 5.535000
123.197500 5.535000
123.205000 5.535000
123.212500 5.527500
123.220000 5.527500
123.227500 5.520000
123.235000 5.520000
123.242500 5.512500
123.250000 5.512500
123.257500 5.512500
123.265000 5.505000
123.272500 5.505000
123.280000 5.505000
123.287500 5.497500
123.295000 5.497500
123.302500 5.490000
123.310000 5.490000
123.317500 5.490000
123.325000 5.482500
123.332500 5.482500
123.340000 5.482500
123.347500 5.475000
123.355000 5.475000
123.362500 5.475000
123.370000 5.467500
123.377500 5.460000
123.385000 5.460000
123.392500 5.452500
123.400000 5.452500
123.407500 5.452500
123.415000 5.445000
123.422500 5.445000
123.430000 5.452500
123.437500 5.445000
123.445000 5.445000
123.452500 5.452500
123.460000 5.445000
123.467500 5.445000
123.475000 5.437500
123.482500 5.437500
123.490000 5.430000
123.497500 5.422500
123.505000 5.422500
123.512500 5.422500
123.520000 5.415000
123.527500 5.415000
123.535000 5.407500
123.542500 5.407500
123.550000 5.400000
123.557500 5.400000
123.565000 5.400000
123.572500 5.392500
123.580000 5.385000
123.587500 5.385000
123.595000 5.377500
123.602500 5.377500
123.610000 5.377500
123.617500 5.370000
123.625000 5.370000
123.632500 5.370000
123.640000 5.362500
123.647500 5.362500
123.655000 5.355000
123.662500 5.355000
123.670000 5.355000
123.677500 5.347500
123.685000 5.347500
123.692500 5.347500
123.700000 5.340000
123.707500 5.340000
123.715000 5.332500
123.722500 5.332500
123.730000 5.332500
123.737500 5.325000
123.745000 5.325000
123.752500 5.325000
123.760000 5.317500
123.767500 5.317500
123.775000 5.310000
123.782500 5.310000
123.790000 5.310000
123.797500 5.302500
123.805000 5.302500
123.812500 5.302500
123.820000 5.295000
123.827500 5.295000
123.835000 5.295000
123.842500 5.287500
123.850000 5.287500
123.857500 5.287500
123.865000 5.280000
123.872500 5.280000
123.880000 5.280000
123.887500 5.272500
123.895000 5.272500
123.902500 5.272500
123.910000 5.265000
123.917500 5.265000
123.925000 5.257500
123.932500 5.257500
123.940000 5.257500
123.947500 5.257500
123.955000 5.250000
123.962500 5.250000
123.970000 5.250000
123.977500 5.242500
123.985000 5.242500
123.992500 5.235000
124.000000 5.235000
124.007500 5.235000
124.015000 5.227500
124.022500 5.227500
124.030000 5.220000
124.037500 5.220000
124.045000 5.212500
124.052500 5.212500
124.060000 5.212500
124.067500 5.205000
124.075000 5.205000
124.082500 5.197500
124.090000 5.197500
124.097500 5.190000
124.105000 5.190000
124.112500 5.190000
124.120000 5.182500
124.127500 5.182500
124.135000 5.175000
124.142500 5.175000
124.150000 5.167500
124.157500 5.167500
124.165000 5.160000
124.172500 5.160000
124.180000 5.152500
124.187500 5.152500
124.195000 5.152500
124.202500 5.152500
124.210000 5.145000
124.217500 5.145000
124.225000 5.145000
124.232500 5.137500
124.240000 5.137500
124.247500 5.130000
124.255000 5.130000
124.262500 5.130000
124.270000 5.122500
124.277500 5.122500
124.285000 5.115000
124.292500 5.115000
124.300000 5.107500
124.307500 5.107500
124.315000 5.107500
124.322500 5.100000
124.330000 5.100000
124.337500 5.092500
124.345000 5.092500
124.352500 5.085000
124.360000 5.085000
124.367500 5.077500
124.375000 5.077500
124.382500 5.077500
124.390000 5.070000
124.397500 5.070000
124.405000 5.062500
124.412500 5.062500
124.420000 5.055000
124.427500 5.055000
124.435000 5.055000
124.442500 5.047500
124.450000 5.047500
124.457500 5.047500
124.465000 5.040000
124.472500 5.040000
124.480000 5.032500
124.487500 5.032500
124.495000 5.032500
124.502500 5.025000
124.510000 5.025000
124.517500 5.025000
124.525000 5.017500
124.532500 5.017500
124.540000 5.017500
124.547500 5.010000
124.555000 5.010000
124.562500 5.002500
124.570000 5.002500
124.577500 5.002500
124.585000 4.995000
124.592500 4.995000
124.600000 4.987500
124.607500 4.987500
124.615000 4.987500
124.622500 4.980000
124.630000 4.980000
124.637500 4.972500
124.645000 4.972500
124.652500 4.972500
124.660000 4.965000
124.667500 4.965000
124.675000 4.965000
124.682500 4.957500
124.690000 4.957500
124.697500 4.950000
124.705000 4.950000
124.712500 4.950000
124.720000 4.942500
124.727500 4.942500
124.735000 4.935000
124.742500 4.935000
124.750000 4.935000
124.757500 4.927500
124.765000 4.927500
124.772500 4.927500
124.780000 4.920000
124.787500 4.920000
124.795000 4.912500
124.802500 4.912500
124.810000 4.912500
124.817500 4.905000
124.825000 4.905000
124.832500 4.897500
124.840000 4.897500
124.847500 4.897500
124.855000 4.890000
124.862500 4.890000
124.870000 4.890000
124.877500 4.882500
124.885000 4.882500
124.892500 4.882500
124.900000 4.875000
124.907500 4.875000
124.915000 4.875000
124.922500 4.867500
124.930000 4.867500
124.937500 4.867500
124.945000 4.860000
124.952500 4.860000
124.960000 4.860000
124.967500 4.852500
124.975000 4.852500
124.982500 4.852500
124.990000 4.845000
124.997500 4.845000
125.005000 4.837500
125.012500 4.837500
125.020000 4.837500
125.027500 4.830000
125.035000 4.830000
125.042500 4.830000
125.050000 4.822500
125.057500 4.822500
125.065000 4.822500
125.072500 4.815000
125.080000 4.815000
125.087500 4.815000
125.095000 4.807500
125.102500 4.807500
125.110000 4.807500
125.117500 4.800000
125.125000 4.800000
125.132500 4.792500
125.140000 4.792500
125.147500 4.792500
125.155000 4.785000
125.162500 4.785000
125.170000 4.785000
125.177500 4.777500
125.185000 4.777500
125.192500 4.777500
125.200000 4.770000
125.207500 4.770000
125.215000 4.762500
125.222500 4.762500
125.230000 4.762500
125.237500 4.755000
125.245000 4.755000
125.252500 4.755000
125.260000 4.747500
125.267500 4.747500
125.275000 4.747500
125.282500 4.740000
125.290000 4.740000
125.297500 4.740000
125.305000 4.732500
125.312500 4.732500
125.320000 4.732500
125.327500 4.725000
125.335000 4.725000
125.342500 4.725000
125.350000 4.717500
125.357500 4.717500
125.365000 4.717500
125.372500 4.710000
125.380000 4.710000
125.387500 4.710000
125.395000 4.702500
125.402500 4.702500
125.410000 4.702500
125.417500 4.695000
125.425000 4.695000
125.432500 4.695000
125.440000 4.687500
125.447500 4.687500
125.455000 4.680000
125.462500 4.680000
125.470000 4.680000
125.477500 4.680000
125.485000 4.672500
125.492500 4.672500
125.500000 4.665000
125.507500 4.665000
125.515000 4.665000
125.522500 4.657500
125.530000 4.657500
125.537500 4.657500
125.545000 4.650000
125.552500 4.650000
125.560000 4.650000
125.567500 4.642500
125.575000 4.642500
125.582500 4.642500
125.590000 4.635000
125.597500 4.635000
125.605000 4.635000
125.612500 4.627500
125.620000 4.627500
125.627500 4.620000
125.635000 4.620000
125.642500 4.620000
125.650000 4.612500
125.657500 4.612500
125.665000 4.605000
125.672500 4.605000
125.680000 4.597500
125.687500 4.597500
125.695000 4.597500
125.702500 4.590000
125.710000 4.590000
125.717500 4.582500
125.725000 4.582500
125.732500 4.582500
125.740000 4.575000
125.747500 4.575000
125.755000 4.567500
125.762500 4.567500
125.770000 4.560000
125.777500 4.560000
125.785000 4.560000
125.792500 4.552500
125.800000 4.552500
125.807500 4.552500
125.815000 4.545000
125.822500 4.545000
125.830000 4.537500
125.837500 4.537500
125.845000 4.537500
125.852500 4.530000
125.860000 4.530000
125.867500 4.530000
125.875000 4.522500
125.882500 4.522500
125.890000 4.522500
125.897500 4.515000
125.905000 4.515000
125.912500 4.515000
125.920000 4.507500
125.927500 4.507500
125.935000 4.507500
125.942500 4.500000
125.950000 4.500000
125.957500 4.500000
125.965000 4.492500
125.972500 4.492500
125.980000 4.485000
125.987500 4.485000
125.995000 4.485000
126.002500 4.477500
126.010000 4.477500
126.017500 4.477500
126.025000 4.470000
126.032500 4.470000
126.040000 4.470000
126.047500 4.462500
126.055000 4.462500
126.062500 4.455000
126.070000 4.455000
126.077500 4.455000
126.085000 4.447500
126.092500 4.447500
126.100000 4.447500
126.107500 4.440000
126.115000 4.440000
126.122500 4.440000
126.130000 4.432500
126.137500 4.432500
126.145000 4.432500
126.152500 4.425000
126.160000 4.425000
126.167500 4.425000
126.175000 4.417500
126.182500 4.417500
126.190000 4.417500
126.197500 4.410000
126.205000 4.410000
126.212500 4.402500
126.220000 4.402500
126.227500 4.395000
126.235000 4.395000
126.242500 4.387500
126.250000 4.387500
126.257500 4.387500
126.265000 4.380000
126.272500 4.380000
126.280000 4.380000
126.287500 4.372500
126.295000 4.372500
126.302500 4.365000
126.310000 4.365000
126.317500 4.365000
126.325000 4.357500
126.332500 4.357500
126.340000 4.357500
126.347500 4.357500
126.355000 4.350000
126.362500 4.350000
126.370000 4.350000
126.377500 4.350000
126.385000 4.342500
126.392500 4.342500
126.400000 4.342500
126.407500 4.342500
126.415000 4.342500
126.422500 4.335000
126.430000 4.335000
126.437500 4.335000
126.445000 4.327500
126.452500 4.327500
126.460000 4.327500
126.467500 4.320000
126.475000 4.320000
126.482500 4.320000
126.490000 4.320000
126.497500 4.320000
126.505000 4.320000
126.512500 4.320000
126.520000 4.320000
126.527500 4.312500
126.535000 4.312500
126.542500 4.305000
126.550000 4.305000
126.557500 4.297500
126.565000 4.290000
126.572500 4.290000
126.580000 4.290000
126.587500 4.282500
126.595000 4.282500
126.602500 4.282500
126.610000 4.275000
126.617500 4.275000
126.625000 4.275000
126.632500 4.275000
126.640000 4.275000
126.647500 4.275000
126.655000 4.275000
126.662500 4.275000
126.670000 4.275000
126.677500 4.275000
126.685000 4.275000
126.692500 4.275000
126.700000 4.267500
126.707500 4.260000
126.715000 4.260000
126.722500 4.260000
126.730000 4.252500
126.737500 4.252500
126.745000 4.245000
126.752500 4.245000
126.760000 4.237500
126.767500 4.237500
126.775000 4.237500
126.782500 4.230000
126.790000 4.230000
126.797500 4.230000
126.805000 4.237500
126.812500 4.237500
126.820000 4.237500
126.827500 4.237500
126.835000 4.230000
126.842500 4.222500
126.850000 4.222500
126.857500 4.215000
126.865000 4.215000
126.872500 4.207500
126.880000 4.207500
126.887500 4.207500
126.895000 4.207500
126.902500 4.207500
126.910000 4.200000
126.917500 4.200000
126.925000 4.200000
126.932500 4.200000
126.940000 4.200000
126.947500 4.200000
126.955000 4.192500
126.962500 4.192500
126.970000 4.185000
126.977500 4.185000
126.985000 4.185000
126.992500 4.185000
127.000000 4.177500
127.007500 4.177500
127.015000 4.177500
127.022500 4.177500
127.030000 4.177500
127.037500 4.177500
127.045000 4.177500
127.052500 4.177500
127.060000 4.170000
127.067500 4.170000
127.075000 4.170000
127.082500 4.170000
127.090000 4.162500
127.097500 4.162500
127.105000 4.162500
127.112500 4.162500
127.120000 4.162500
127.127500 4.162500
127.135000 4.162500
127.142500 4.155000
127.150000 4.147500
127.157500 4.147500
127.165000 4.140000
127.172500 4.132500
127.180000 4.132500
127.187500 4.132500
127.195000 4.125000
127.202500 4.125000
127.210000 4.117500
127.217500 4.117500
127.225000 4.117500
127.232500 4.110000
127.240000 4.110000
127.247500 4.110000
127.255000 4.110000
127.262500 4.110000
127.270000 4.102500
127.277500 4.102500
127.285000 4.102500
127.292500 4.095000
127.300000 4.095000
127.307500 4.095000
127.315000 4.095000
127.322500 4.095000
127.330000 4.095000
127.337500 4.095000
127.345000 4.095000
127.352500 4.095000
127.360000 4.087500
127.367500 4.087500
127.375000 4.087500
127.382500 4.080000
127.390000 4.080000
127.397500 4.080000
127.405000 4.080000
127.412500 4.080000
127.420000 4.080000
127.427500 4.080000
127.435000 4.080000
127.442500 4.080000
127.450000 4.080000
127.457500 4.080000
127.465000 4.080000
127.472500 4.080000
127.480000 4.080000
127.487500 4.080000
127.495000 4.080000
127.502500 4.080000
127.510000 4.072500
127.517500 4.072500
127.525000 4.072500
127.532500 4.072500
127.540000 4.065000
127.547500 4.065000
127.555000 4.065000
127.562500 4.065000
127.570000 4.065000
127.577500 4.065000
127.585000 4.057500
127.592500 4.057500
127.600000 4.057500
127.607500 4.050000
127.615000 4.050000
127.622500 4.050000
127.630000 4.042500
127.637500 4.042500
127.645000 4.042500
127.652500 4.042500
127.660000 4.042500
127.667500 4.042500
127.675000 4.042500
127.682500 4.035000
127.690000 4.035000
127.697500 4.035000
127.705000 4.035000
127.712500 4.035000
127.720000 4.027500
127.727500 4.027500
127.735000 4.027500
127.742500 4.027500
127.750000 4.027500
127.757500 4.020000
127.765000 4.020000
127.772500 4.020000
127.780000 4.020000
127.787500 4.020000
127.795000 4.020000
127.802500 4.012500
127.810000 4.012500
127.817500 4.012500
127.825000 4.005000
127.832500 4.005000
127.840000 4.005000
127.847500 3.997500
127.855000 3.997500
127.862500 3.997500
127.870000 3.997500
127.877500 3.990000
127.885000 3.990000
127.892500 3.990000
127.900000 3.990000
127.907500 3.990000
127.915000 3.982500
127.922500 3.982500
127.930000 3.975000
127.937500 3.975000
127.945000 3.975000
127.952500 3.967500
127.960000 3.967500
127.967500 3.967500
127.975000 3.960000
127.982500 3.960000
127.990000 3.960000
127.997500 3.952500
128.005000 3.952500
128.012500 3.945000
128.020000 3.945000
128.027500 3.945000
128.035000 3.945000
128.042500 3.937500
128.050000 3.937500
128.057500 3.937500
128.065000 3.930000
128.072500 3.930000
128.080000 3.930000
128.087500 3.930000
128.095000 3.930000
128.102500 3.930000
128.110000 3.930000
128.117500 3.930000
128.125000 3.937500
128.132500 3.930000
128.140000 3.930000
128.147500 3.930000
128.155000 3.930000
128.162500 3.930000
128.170000 3.922500
128.177500 3.922500
128.185000 3.922500
128.192500 3.915000
128.200000 3.915000
128.207500 3.915000
128.215000 3.915000
128.222500 3.915000
128.230000 3.907500
128.237500 3.907500
128.245000 3.900000
128.252500 3.900000
128.260000 3.900000
128.267500 3.900000
128.275000 3.900000
128.282500 3.900000
128.290000 3.900000
128.297500 3.900000
128.305000 3.900000
128.312500 3.892500
128.320000 3.892500
128.327500 3.892500
128.335000 3.892500
128.342500 3.892500
128.350000 3.892500
128.357500 3.892500
128.365000 3.892500
128.372500 3.892500
128.380000 3.892500
128.387500 3.892500
128.395000 3.892500
128.402500 3.892500
128.410000 3.892500
128.417500 3.885000
128.425000 3.885000
128.432500 3.885000
128.440000 3.885000
128.447500 3.885000
128.455000 3.877500
128.462500 3.877500
128.470000 3.877500
128.477500 3.870000
128.485000 3.870000
128.492500 3.870000
128.500000 3.870000
128.507500 3.870000
128.515000 3.870000
128.522500 3.862500
128.530000 3.862500
128.537500 3.862500
128.545000 3.862500
128.552500 3.862500
128.560000 3.862500
128.567500 3.855000
128.575000 3.855000
128.582500 3.855000
128.590000 3.855000
128.597500 3.855000
128.605000 3.855000
128.612500 3.847500
128.620000 3.847500
128.627500 3.847500
128.635000 3.840000
128.642500 3.840000
128.650000 3.840000
128.657500 3.840000
128.665000 3.840000
128.672500 3.840000
128.680000 3.840000
128.687500 3.840000
128.695000 3.840000
128.702500 3.840000
128.710000 3.832500
128.717500 3.832500
128.725000 3.832500
128.732500 3.832500
128.740000 3.825000
128.747500 3.825000
128.755000 3.825000
128.762500 3.825000
128.770000 3.817500
128.777500 3.817500
128.785000 3.817500
128.792500 3.817500
128.800000 3.817500
128.807500 3.817500
128.815000 3.817500
128.822500 3.810000
128.830000 3.810000
128.837500 3.810000
128.845000 3.810000
128.852500 3.802500
128.860000 3.802500
128.867500 3.802500
128.875000 3.795000
128.882500 3.795000
128.890000 3.787500
128.897500 3.787500
128.905000 3.787500
128.912500 3.780000
128.920000 3.780000
128.927500 3.772500
128.935000 3.772500
128.942500 3.765000
128.950000 3.765000
128.957500 3.757500
128.965000 3.750000
128.972500 3.735000
128.980000 3.735000
128.987500 3.727500
128.995000 3.727500
129.002500 3.727500
129.010000 3.720000
129.017500 3.720000
129.025000 3.720000
129.032500 3.727500
129.040000 3.727500
129.047500 3.727500
129.055000 3.727500
129.062500 3.727500
129.070000 3.727500
129.077500 3.727500
129.085000 3.727500
129.092500 3.720000
129.100000 3.720000
129.107500 3.720000
129.115000 3.712500
129.122500 3.712500
129.130000 3.712500
129.137500 3.705000
129.145000 3.705000
129.152500 3.705000
129.160000 3.705000
129.167500 3.705000
129.175000 3.697500
129.182500 3.697500
129.190000 3.697500
129.197500 3.697500
129.205000 3.690000
129.212500 3.682500
129.220000 3.682500
129.227500 3.675000
129.235000 3.675000
129.242500 3.675000
129.250000 3.675000
129.257500 3.675000
129.265000 3.667500
129.272500 3.667500
129.280000 3.667500
129.287500 3.660000
129.295000 3.660000
129.302500 3.660000
129.310000 3.652500
129.317500 3.652500
129.325000 3.645000
129.332500 3.637500
129.340000 3.630000
129.347500 3.622500
129.355000 3.615000
129.362500 3.615000
129.370000 3.607500
129.377500 3.600000
129.385000 3.600000
129.392500 3.600000
129.400000 3.592500
129.407500 3.592500
129.415000 3.585000
129.422500 3.585000
129.430000 3.585000
129.437500 3.585000
129.445000 3.577500
129.452500 3.577500
129.460000 3.577500
129.467500 3.570000
129.475000 3.570000
129.482500 3.562500
129.490000 3.562500
129.497500 3.562500
129.505000 3.562500
129.512500 3.555000
129.520000 3.555000
129.527500 3.547500
129.535000 3.547500
129.542500 3.547500
129.550000 3.547500
129.557500 3.547500
129.565000 3.540000
129.572500 3.540000
129.580000 3.540000
129.587500 3.532500
129.595000 3.532500
129.602500 3.532500
129.610000 3.532500
129.617500 3.525000
129.625000 3.525000
129.632500 3.525000
129.640000 3.525000
129.647500 3.525000
129.655000 3.525000
129.662500 3.517500
129.670000 3.517500
129.677500 3.517500
129.685000 3.517500
129.692500 3.517500
129.700000 3.517500
129.707500 3.517500
129.715000 3.517500
129.722500 3.517500
129.730000 3.510000
129.737500 3.510000
129.745000 3.510000
129.752500 3.510000
129.760000 3.510000
129.767500 3.510000
129.775000 3.510000
129.782500 3.510000
129.790000 3.502500
129.797500 3.502500
129.805000 3.502500
129.812500 3.502500
129.820000 3.495000
129.827500 3.495000
129.835000 3.495000
129.842500 3.487500
129.850000 3.487500
129.857500 3.480000
129.865000 3.480000
129.872500 3.480000
129.880000 3.472500
129.887500 3.472500
129.895000 3.465000
129.902500 3.465000
129.910000 3.465000
129.917500 3.465000
129.925000 3.465000
129.932500 3.465000
129.940000 3.465000
129.947500 3.457500
129.955000 3.457500
129.962500 3.457500
129.970000 3.457500
129.977500 3.457500
129.985000 3.450000
129.992500 3.450000
