259616.290000 5642553.600000
377.000000 2.000000
377.000000 240.000000
220.000000 5.860000
220.010000 5.860000
220.020000 5.860000
220.030000 5.860000
220.040000 5.860000
220.050000 5.860000
220.060000 5.860000
220.070000 5.860000
220.080000 5.870000
220.090000 5.870000
220.100000 5.870000
220.110000 5.870000
220.120000 5.870000
220.130000 5.870000
220.140000 5.880000
220.150000 5.880000
220.160000 5.880000
220.170000 5.880000
220.180000 5.880000
220.190000 5.880000
220.200000 5.880000
220.210000 5.880000
220.220000 5.890000
220.230000 5.890000
220.240000 5.890000
220.250000 5.890000
220.260000 5.890000
220.270000 5.890000
220.280000 5.890000
220.290000 5.900000
220.300000 5.900000
220.310000 5.910000
220.320000 5.910000
220.330000 5.920000
220.340000 5.920000
220.350000 5.930000
220.360000 5.930000
220.370000 5.930000
220.380000 5.930000
220.390000 5.930000
220.400000 5.930000
220.410000 5.930000
220.420000 5.930000
220.430000 5.930000
220.440000 5.930000
220.450000 5.930000
220.460000 5.930000
220.470000 5.930000
220.480000 5.930000
220.490000 5.930000
220.500000 5.930000
220.510000 5.930000
220.520000 5.920000
220.530000 5.920000
220.540000 5.920000
220.550000 5.920000
220.560000 5.920000
220.570000 5.920000
220.580000 5.920000
220.590000 5.920000
220.600000 5.930000
220.610000 5.930000
220.620000 5.930000
220.630000 5.930000
220.640000 5.930000
220.650000 5.930000
220.660000 5.930000
220.670000 5.930000
220.680000 5.930000
220.690000 5.930000
220.700000 5.930000
220.710000 5.940000
220.720000 5.940000
220.730000 5.940000
220.740000 5.940000
220.750000 5.940000
220.760000 5.940000
220.770000 5.940000
220.780000 5.940000
220.790000 5.940000
220.800000 5.940000
220.810000 5.940000
220.820000 5.940000
220.830000 5.940000
220.840000 5.940000
220.850000 5.940000
220.860000 5.940000
220.870000 5.940000
220.880000 5.940000
220.890000 5.940000
220.900000 5.940000
220.910000 5.940000
220.920000 5.940000
220.930000 5.940000
220.940000 5.940000
220.950000 5.940000
220.960000 5.950000
220.970000 5.950000
220.980000 5.950000
220.990000 5.950000
221.000000 5.950000
221.010000 5.950000
221.020000 5.960000
221.030000 5.960000
221.040000 5.960000
221.050000 5.960000
221.060000 5.960000
221.070000 5.960000
221.080000 5.960000
221.090000 5.960000
221.100000 5.960000
221.110000 5.960000
221.120000 5.970000
221.130000 5.970000
221.140000 5.970000
221.150000 5.970000
221.160000 5.970000
221.170000 5.970000
221.180000 5.970000
221.190000 5.970000
221.200000 5.970000
221.210000 5.970000
221.220000 5.980000
221.230000 5.980000
221.240000 5.980000
221.250000 5.980000
221.260000 5.980000
221.270000 5.990000
221.280000 5.990000
221.290000 6.000000
221.300000 6.000000
221.310000 6.000000
221.320000 6.010000
221.330000 6.010000
221.340000 6.010000
221.350000 6.010000
221.360000 6.010000
221.370000 6.020000
221.380000 6.020000
221.390000 6.020000
221.400000 6.020000
221.410000 6.020000
221.420000 6.030000
221.430000 6.030000
221.440000 6.030000
221.450000 6.030000
221.460000 6.030000
221.470000 6.030000
221.480000 6.030000
221.490000 6.030000
221.500000 6.030000
221.510000 6.030000
221.520000 6.030000
221.530000 6.030000
221.540000 6.030000
221.550000 6.030000
221.560000 6.030000
221.570000 6.030000
221.580000 6.040000
221.590000 6.040000
221.600000 6.040000
221.610000 6.030000
221.620000 6.040000
221.630000 6.030000
221.640000 6.030000
221.650000 6.040000
221.660000 6.040000
221.670000 6.040000
221.680000 6.040000
221.690000 6.050000
221.700000 6.050000
221.710000 6.050000
221.720000 6.050000
221.730000 6.060000
221.740000 6.060000
221.750000 6.060000
221.760000 6.060000
221.770000 6.070000
221.780000 6.070000
221.790000 6.080000
221.800000 6.080000
221.810000 6.080000
221.820000 6.090000
221.830000 6.090000
221.840000 6.090000
221.850000 6.090000
221.860000 6.090000
221.870000 6.090000
221.880000 6.090000
221.890000 6.090000
221.900000 6.100000
221.910000 6.100000
221.920000 6.090000
221.930000 6.100000
221.940000 6.100000
221.950000 6.100000
221.960000 6.100000
221.970000 6.100000
221.980000 6.100000
221.990000 6.100000
222.000000 6.100000
222.010000 6.100000
222.020000 6.100000
222.030000 6.110000
222.040000 6.110000
222.050000 6.110000
222.060000 6.110000
222.070000 6.110000
222.080000 6.110000
222.090000 6.110000
222.100000 6.120000
222.110000 6.120000
222.120000 6.120000
222.130000 6.130000
222.140000 6.130000
222.150000 6.130000
222.160000 6.130000
222.170000 6.130000
222.180000 6.130000
222.190000 6.130000
222.200000 6.130000
222.210000 6.140000
222.220000 6.140000
222.230000 6.140000
222.240000 6.140000
222.250000 6.150000
222.260000 6.150000
222.270000 6.150000
222.280000 6.150000
222.290000 6.150000
222.300000 6.150000
222.310000 6.150000
222.320000 6.150000
222.330000 6.150000
222.340000 6.160000
222.350000 6.160000
222.360000 6.160000
222.370000 6.160000
222.380000 6.160000
222.390000 6.160000
222.400000 6.170000
222.410000 6.170000
222.420000 6.170000
222.430000 6.170000
222.440000 6.170000
222.450000 6.170000
222.460000 6.170000
222.470000 6.170000
222.480000 6.170000
222.490000 6.170000
222.500000 6.170000
222.510000 6.170000
222.520000 6.170000
222.530000 6.170000
222.540000 6.170000
222.550000 6.170000
222.560000 6.170000
222.570000 6.170000
222.580000 6.170000
222.590000 6.170000
222.600000 6.180000
222.610000 6.180000
222.620000 6.180000
222.630000 6.180000
222.640000 6.180000
222.650000 6.180000
222.660000 6.190000
222.670000 6.190000
222.680000 6.190000
222.690000 6.200000
222.700000 6.200000
222.710000 6.200000
222.720000 6.200000
222.730000 6.200000
222.740000 6.200000
222.750000 6.200000
222.760000 6.200000
222.770000 6.200000
222.780000 6.200000
222.790000 6.200000
222.800000 6.210000
222.810000 6.210000
222.820000 6.210000
222.830000 6.210000
222.840000 6.210000
222.850000 6.210000
222.860000 6.210000
222.870000 6.210000
222.880000 6.210000
222.890000 6.220000
222.900000 6.220000
222.910000 6.230000
222.920000 6.230000
222.930000 6.230000
222.940000 6.230000
222.950000 6.240000
222.960000 6.240000
222.970000 6.240000
222.980000 6.250000
222.990000 6.250000
223.000000 6.250000
223.010000 6.260000
223.020000 6.260000
223.030000 6.260000
223.040000 6.260000
223.050000 6.260000
223.060000 6.270000
223.070000 6.270000
223.080000 6.270000
223.090000 6.270000
223.100000 6.270000
223.110000 6.270000
223.120000 6.270000
223.130000 6.270000
223.140000 6.280000
223.150000 6.280000
223.160000 6.280000
223.170000 6.280000
223.180000 6.280000
223.190000 6.280000
223.200000 6.280000
223.210000 6.280000
223.220000 6.280000
223.230000 6.280000
223.240000 6.280000
223.250000 6.280000
223.260000 6.280000
223.270000 6.280000
223.280000 6.290000
223.290000 6.290000
223.300000 6.290000
223.310000 6.290000
223.320000 6.290000
223.330000 6.290000
223.340000 6.290000
223.350000 6.290000
223.360000 6.290000
223.370000 6.290000
223.380000 6.290000
223.390000 6.290000
223.400000 6.300000
223.410000 6.300000
223.420000 6.300000
223.430000 6.300000
223.440000 6.300000
223.450000 6.300000
223.460000 6.300000
223.470000 6.300000
223.480000 6.300000
223.490000 6.300000
223.500000 6.310000
223.510000 6.310000
223.520000 6.310000
223.530000 6.310000
223.540000 6.310000
223.550000 6.310000
223.560000 6.310000
223.570000 6.310000
223.580000 6.310000
223.590000 6.310000
223.600000 6.310000
223.610000 6.310000
223.620000 6.310000
223.630000 6.310000
223.640000 6.310000
223.650000 6.310000
223.660000 6.320000
223.670000 6.320000
223.680000 6.320000
223.690000 6.320000
223.700000 6.320000
223.710000 6.320000
223.720000 6.320000
223.730000 6.320000
223.740000 6.320000
223.750000 6.320000
223.760000 6.320000
223.770000 6.320000
223.780000 6.320000
223.790000 6.320000
223.800000 6.320000
223.810000 6.320000
223.820000 6.320000
223.830000 6.320000
223.840000 6.320000
223.850000 6.320000
223.860000 6.320000
223.870000 6.320000
223.880000 6.320000
223.890000 6.320000
223.900000 6.320000
223.910000 6.320000
223.920000 6.320000
223.930000 6.320000
223.940000 6.320000
223.950000 6.330000
223.960000 6.330000
223.970000 6.330000
223.980000 6.330000
223.990000 6.330000
224.000000 6.340000
224.010000 6.340000
224.020000 6.340000
224.030000 6.340000
224.040000 6.340000
224.050000 6.340000
224.060000 6.350000
224.070000 6.350000
224.080000 6.350000
224.090000 6.350000
224.100000 6.350000
224.110000 6.360000
224.120000 6.360000
224.130000 6.360000
224.140000 6.360000
224.150000 6.360000
224.160000 6.360000
224.170000 6.370000
224.180000 6.380000
224.190000 6.380000
224.200000 6.390000
224.210000 6.390000
224.220000 6.390000
224.230000 6.400000
224.240000 6.400000
224.250000 6.410000
224.260000 6.410000
224.270000 6.410000
224.280000 6.410000
224.290000 6.420000
224.300000 6.420000
224.310000 6.430000
224.320000 6.430000
224.330000 6.430000
224.340000 6.430000
224.350000 6.430000
224.360000 6.440000
224.370000 6.440000
224.380000 6.440000
224.390000 6.440000
224.400000 6.440000
224.410000 6.440000
224.420000 6.440000
224.430000 6.450000
224.440000 6.450000
224.450000 6.450000
224.460000 6.450000
224.470000 6.450000
224.480000 6.450000
224.490000 6.460000
224.500000 6.460000
224.510000 6.460000
224.520000 6.470000
224.530000 6.470000
224.540000 6.470000
224.550000 6.470000
224.560000 6.470000
224.570000 6.470000
224.580000 6.480000
224.590000 6.480000
224.600000 6.480000
224.610000 6.480000
224.620000 6.480000
224.630000 6.480000
224.640000 6.490000
224.650000 6.490000
224.660000 6.490000
224.670000 6.490000
224.680000 6.490000
224.690000 6.490000
224.700000 6.500000
224.710000 6.500000
224.720000 6.500000
224.730000 6.500000
224.740000 6.500000
224.750000 6.510000
224.760000 6.510000
224.770000 6.510000
224.780000 6.510000
224.790000 6.510000
224.800000 6.510000
224.810000 6.510000
224.820000 6.510000
224.830000 6.520000
224.840000 6.520000
224.850000 6.520000
224.860000 6.520000
224.870000 6.520000
224.880000 6.520000
224.890000 6.520000
224.900000 6.520000
224.910000 6.530000
224.920000 6.530000
224.930000 6.530000
224.940000 6.530000
224.950000 6.530000
224.960000 6.540000
224.970000 6.540000
224.980000 6.540000
224.990000 6.540000
225.000000 6.540000
225.010000 6.540000
225.020000 6.540000
225.030000 6.550000
225.040000 6.550000
225.050000 6.550000
225.060000 6.550000
225.070000 6.550000
225.080000 6.550000
225.090000 6.560000
225.100000 6.560000
225.110000 6.560000
225.120000 6.560000
225.130000 6.560000
225.140000 6.560000
225.150000 6.560000
225.160000 6.560000
225.170000 6.560000
225.180000 6.560000
225.190000 6.570000
225.200000 6.570000
225.210000 6.570000
225.220000 6.570000
225.230000 6.570000
225.240000 6.570000
225.250000 6.570000
225.260000 6.570000
225.270000 6.570000
225.280000 6.570000
225.290000 6.570000
225.300000 6.570000
225.310000 6.570000
225.320000 6.580000
225.330000 6.580000
225.340000 6.580000
225.350000 6.580000
225.360000 6.580000
225.370000 6.580000
225.380000 6.590000
225.390000 6.590000
225.400000 6.590000
225.410000 6.590000
225.420000 6.600000
225.430000 6.600000
225.440000 6.600000
225.450000 6.600000
225.460000 6.600000
225.470000 6.610000
225.480000 6.610000
225.490000 6.610000
225.500000 6.610000
225.510000 6.620000
225.520000 6.620000
225.530000 6.620000
225.540000 6.630000
225.550000 6.630000
225.560000 6.630000
225.570000 6.630000
225.580000 6.630000
225.590000 6.640000
225.600000 6.640000
225.610000 6.640000
225.620000 6.640000
225.630000 6.650000
225.640000 6.650000
225.650000 6.650000
225.660000 6.650000
225.670000 6.650000
225.680000 6.660000
225.690000 6.660000
225.700000 6.660000
225.710000 6.660000
225.720000 6.660000
225.730000 6.670000
225.740000 6.670000
225.750000 6.670000
225.760000 6.670000
225.770000 6.670000
225.780000 6.670000
225.790000 6.680000
225.800000 6.680000
225.810000 6.680000
225.820000 6.680000
225.830000 6.690000
225.840000 6.690000
225.850000 6.690000
225.860000 6.690000
225.870000 6.690000
225.880000 6.690000
225.890000 6.700000
225.900000 6.700000
225.910000 6.700000
225.920000 6.700000
225.930000 6.700000
225.940000 6.710000
225.950000 6.710000
225.960000 6.710000
225.970000 6.710000
225.980000 6.710000
225.990000 6.720000
226.000000 6.720000
226.010000 6.720000
226.020000 6.720000
226.030000 6.720000
226.040000 6.720000
226.050000 6.730000
226.060000 6.730000
226.070000 6.730000
226.080000 6.730000
226.090000 6.740000
226.100000 6.740000
226.110000 6.740000
226.120000 6.740000
226.130000 6.740000
226.140000 6.750000
226.150000 6.750000
226.160000 6.750000
226.170000 6.750000
226.180000 6.750000
226.190000 6.760000
226.200000 6.760000
226.210000 6.760000
226.220000 6.770000
226.230000 6.770000
226.240000 6.770000
226.250000 6.770000
226.260000 6.770000
226.270000 6.770000
226.280000 6.780000
226.290000 6.780000
226.300000 6.780000
226.310000 6.780000
226.320000 6.780000
226.330000 6.780000
226.340000 6.790000
226.350000 6.790000
226.360000 6.790000
226.370000 6.790000
226.380000 6.790000
226.390000 6.800000
226.400000 6.800000
226.410000 6.800000
226.420000 6.800000
226.430000 6.800000
226.440000 6.810000
226.450000 6.810000
226.460000 6.810000
226.470000 6.810000
226.480000 6.810000
226.490000 6.820000
226.500000 6.820000
226.510000 6.820000
226.520000 6.820000
226.530000 6.830000
226.540000 6.830000
226.550000 6.830000
226.560000 6.840000
226.570000 6.840000
226.580000 6.840000
226.590000 6.840000
226.600000 6.850000
226.610000 6.850000
226.620000 6.850000
226.630000 6.850000
226.640000 6.850000
226.650000 6.850000
226.660000 6.850000
226.670000 6.860000
226.680000 6.860000
226.690000 6.860000
226.700000 6.860000
226.710000 6.870000
226.720000 6.870000
226.730000 6.870000
226.740000 6.870000
226.750000 6.870000
226.760000 6.870000
226.770000 6.870000
226.780000 6.870000
226.790000 6.880000
226.800000 6.880000
226.810000 6.880000
226.820000 6.880000
226.830000 6.880000
226.840000 6.880000
226.850000 6.890000
226.860000 6.890000
226.870000 6.890000
226.880000 6.890000
226.890000 6.890000
226.900000 6.890000
226.910000 6.890000
226.920000 6.900000
226.930000 6.900000
226.940000 6.900000
226.950000 6.900000
226.960000 6.910000
226.970000 6.910000
226.980000 6.910000
226.990000 6.910000
227.000000 6.910000
227.010000 6.910000
227.020000 6.920000
227.030000 6.920000
227.040000 6.920000
227.050000 6.920000
227.060000 6.920000
227.070000 6.930000
227.080000 6.930000
227.090000 6.930000
227.100000 6.930000
227.110000 6.930000
227.120000 6.940000
227.130000 6.940000
227.140000 6.940000
227.150000 6.940000
227.160000 6.940000
227.170000 6.940000
227.180000 6.940000
227.190000 6.940000
227.200000 6.950000
227.210000 6.950000
227.220000 6.950000
227.230000 6.950000
227.240000 6.950000
227.250000 6.950000
227.260000 6.960000
227.270000 6.960000
227.280000 6.960000
227.290000 6.960000
227.300000 6.960000
227.310000 6.970000
227.320000 6.970000
227.330000 6.970000
227.340000 6.970000
227.350000 6.970000
227.360000 6.970000
227.370000 6.980000
227.380000 6.980000
227.390000 6.980000
227.400000 6.980000
227.410000 6.980000
227.420000 6.990000
227.430000 6.990000
227.440000 6.990000
227.450000 6.990000
227.460000 7.000000
227.470000 7.000000
227.480000 7.000000
227.490000 7.000000
227.500000 7.000000
227.510000 7.010000
227.520000 7.010000
227.530000 7.010000
227.540000 7.010000
227.550000 7.010000
227.560000 7.020000
227.570000 7.020000
227.580000 7.020000
227.590000 7.020000
227.600000 7.020000
227.610000 7.030000
227.620000 7.030000
227.630000 7.030000
227.640000 7.030000
227.650000 7.040000
227.660000 7.040000
227.670000 7.040000
227.680000 7.040000
227.690000 7.050000
227.700000 7.050000
227.710000 7.050000
227.720000 7.060000
227.730000 7.060000
227.740000 7.060000
227.750000 7.060000
227.760000 7.070000
227.770000 7.070000
227.780000 7.070000
227.790000 7.080000
227.800000 7.080000
227.810000 7.080000
227.820000 7.080000
227.830000 7.090000
227.840000 7.090000
227.850000 7.090000
227.860000 7.100000
227.870000 7.100000
227.880000 7.100000
227.890000 7.110000
227.900000 7.110000
227.910000 7.110000
227.920000 7.120000
227.930000 7.120000
227.940000 7.120000
227.950000 7.120000
227.960000 7.130000
227.970000 7.130000
227.980000 7.130000
227.990000 7.140000
228.000000 7.140000
228.010000 7.140000
228.020000 7.150000
228.030000 7.150000
228.040000 7.150000
228.050000 7.160000
228.060000 7.160000
228.070000 7.170000
228.080000 7.170000
228.090000 7.170000
228.100000 7.170000
228.110000 7.180000
228.120000 7.180000
228.130000 7.180000
228.140000 7.190000
228.150000 7.190000
228.160000 7.200000
228.170000 7.200000
228.180000 7.200000
228.190000 7.210000
228.200000 7.210000
228.210000 7.210000
228.220000 7.220000
228.230000 7.220000
228.240000 7.220000
228.250000 7.230000
228.260000 7.230000
228.270000 7.230000
228.280000 7.240000
228.290000 7.240000
228.300000 7.250000
228.310000 7.250000
228.320000 7.250000
228.330000 7.260000
228.340000 7.260000
228.350000 7.260000
228.360000 7.270000
228.370000 7.270000
228.380000 7.270000
228.390000 7.280000
228.400000 7.280000
228.410000 7.280000
228.420000 7.290000
228.430000 7.290000
228.440000 7.290000
228.450000 7.300000
228.460000 7.300000
228.470000 7.300000
228.480000 7.310000
228.490000 7.310000
228.500000 7.310000
228.510000 7.320000
228.520000 7.320000
228.530000 7.320000
228.540000 7.330000
228.550000 7.330000
228.560000 7.330000
228.570000 7.340000
228.580000 7.340000
228.590000 7.340000
228.600000 7.350000
228.610000 7.350000
228.620000 7.360000
228.630000 7.360000
228.640000 7.370000
228.650000 7.370000
228.660000 7.370000
228.670000 7.380000
228.680000 7.380000
228.690000 7.390000
228.700000 7.390000
228.710000 7.390000
228.720000 7.400000
228.730000 7.400000
228.740000 7.410000
228.750000 7.410000
228.760000 7.420000
228.770000 7.420000
228.780000 7.430000
228.790000 7.430000
228.800000 7.440000
228.810000 7.440000
228.820000 7.450000
228.830000 7.450000
228.840000 7.460000
228.850000 7.460000
228.860000 7.470000
228.870000 7.470000
228.880000 7.480000
228.890000 7.480000
228.900000 7.490000
228.910000 7.490000
228.920000 7.500000
228.930000 7.500000
228.940000 7.500000
228.950000 7.510000
228.960000 7.510000
228.970000 7.520000
228.980000 7.520000
228.990000 7.530000
229.000000 7.530000
229.010000 7.540000
229.020000 7.540000
229.030000 7.550000
229.040000 7.550000
229.050000 7.560000
229.060000 7.560000
229.070000 7.570000
229.080000 7.570000
229.090000 7.580000
229.100000 7.580000
229.110000 7.590000
229.120000 7.590000
229.130000 7.600000
229.140000 7.600000
229.150000 7.610000
229.160000 7.610000
229.170000 7.610000
229.180000 7.620000
229.190000 7.630000
229.200000 7.630000
229.210000 7.640000
229.220000 7.640000
229.230000 7.650000
229.240000 7.650000
229.250000 7.660000
229.260000 7.660000
229.270000 7.670000
229.280000 7.670000
229.290000 7.680000
229.300000 7.680000
229.310000 7.690000
229.320000 7.690000
229.330000 7.700000
229.340000 7.700000
229.350000 7.710000
229.360000 7.710000
229.370000 7.720000
229.380000 7.720000
229.390000 7.730000
229.400000 7.730000
229.410000 7.740000
229.420000 7.740000
229.430000 7.750000
229.440000 7.750000
229.450000 7.760000
229.460000 7.760000
229.470000 7.770000
229.480000 7.780000
229.490000 7.780000
229.500000 7.790000
229.510000 7.790000
229.520000 7.800000
229.530000 7.800000
229.540000 7.810000
229.550000 7.820000
229.560000 7.820000
229.570000 7.830000
229.580000 7.830000
229.590000 7.840000
229.600000 7.840000
229.610000 7.850000
229.620000 7.860000
229.630000 7.860000
229.640000 7.870000
229.650000 7.870000
229.660000 7.880000
229.670000 7.890000
229.680000 7.890000
229.690000 7.900000
229.700000 7.900000
229.710000 7.910000
229.720000 7.910000
229.730000 7.920000
229.740000 7.920000
229.750000 7.930000
229.760000 7.940000
229.770000 7.940000
229.780000 7.950000
229.790000 7.950000
229.800000 7.960000
229.810000 7.960000
229.820000 7.970000
229.830000 7.980000
229.840000 7.980000
229.850000 7.990000
229.860000 7.990000
229.870000 8.000000
229.880000 8.000000
229.890000 8.010000
229.900000 8.020000
229.910000 8.020000
229.920000 8.030000
229.930000 8.030000
229.940000 8.040000
229.950000 8.040000
229.960000 8.050000
229.970000 8.050000
229.980000 8.060000
229.990000 8.060000
230.000000 8.070000
230.010000 8.080000
230.020000 8.080000
230.030000 8.090000
230.040000 8.090000
230.050000 8.100000
230.060000 8.100000
230.070000 8.110000
230.080000 8.120000
230.090000 8.120000
230.100000 8.130000
230.110000 8.140000
230.120000 8.140000
230.130000 8.150000
230.140000 8.160000
230.150000 8.160000
230.160000 8.170000
230.170000 8.180000
230.180000 8.190000
230.190000 8.190000
230.200000 8.200000
230.210000 8.210000
230.220000 8.210000
230.230000 8.220000
230.240000 8.220000
230.250000 8.230000
230.260000 8.240000
230.270000 8.250000
230.280000 8.250000
230.290000 8.260000
230.300000 8.270000
230.310000 8.270000
230.320000 8.280000
230.330000 8.280000
230.340000 8.290000
230.350000 8.300000
230.360000 8.300000
230.370000 8.310000
230.380000 8.310000
230.390000 8.320000
230.400000 8.320000
230.410000 8.330000
230.420000 8.340000
230.430000 8.340000
230.440000 8.350000
230.450000 8.350000
230.460000 8.360000
230.470000 8.360000
230.480000 8.370000
230.490000 8.380000
230.500000 8.380000
230.510000 8.390000
230.520000 8.400000
230.530000 8.400000
230.540000 8.410000
230.550000 8.420000
230.560000 8.420000
230.570000 8.430000
230.580000 8.440000
230.590000 8.440000
230.600000 8.450000
230.610000 8.460000
230.620000 8.460000
230.630000 8.470000
230.640000 8.470000
230.650000 8.480000
230.660000 8.490000
230.670000 8.490000
230.680000 8.500000
230.690000 8.510000
230.700000 8.510000
230.710000 8.520000
230.720000 8.530000
230.730000 8.530000
230.740000 8.540000
230.750000 8.550000
230.760000 8.550000
230.770000 8.560000
230.780000 8.570000
230.790000 8.570000
230.800000 8.580000
230.810000 8.590000
230.820000 8.590000
230.830000 8.600000
230.840000 8.600000
230.850000 8.610000
230.860000 8.620000
230.870000 8.630000
230.880000 8.640000
230.890000 8.640000
230.900000 8.650000
230.910000 8.660000
230.920000 8.660000
230.930000 8.660000
230.940000 8.680000
230.950000 8.680000
230.960000 8.690000
230.970000 8.700000
230.980000 8.700000
230.990000 8.710000
231.000000 8.710000
231.010000 8.720000
231.020000 8.730000
231.030000 8.730000
231.040000 8.740000
231.050000 8.740000
231.060000 8.750000
231.070000 8.750000
231.080000 8.760000
231.090000 8.760000
231.100000 8.770000
231.110000 8.780000
231.120000 8.780000
231.130000 8.790000
231.140000 8.790000
231.150000 8.800000
231.160000 8.800000
231.170000 8.810000
231.180000 8.810000
231.190000 8.810000
231.200000 8.810000
231.210000 8.820000
231.220000 8.820000
231.230000 8.820000
231.240000 8.820000
231.250000 8.810000
231.260000 8.810000
231.270000 8.820000
231.280000 8.820000
231.290000 8.810000
231.300000 8.810000
231.310000 8.810000
231.320000 8.800000
231.330000 8.800000
231.340000 8.800000
231.350000 8.800000
231.360000 8.800000
231.370000 8.800000
231.380000 8.800000
231.390000 8.800000
231.400000 8.800000
231.410000 8.800000
231.420000 8.800000
231.430000 8.800000
231.440000 8.800000
231.450000 8.800000
231.460000 8.790000
231.470000 8.790000
231.480000 8.800000
231.490000 8.800000
231.500000 8.800000
231.510000 8.800000
231.520000 8.800000
231.530000 8.800000
231.540000 8.800000
231.550000 8.800000
231.560000 8.800000
231.570000 8.800000
231.580000 8.800000
231.590000 8.800000
231.600000 8.800000
231.610000 8.800000
231.620000 8.800000
231.630000 8.800000
231.640000 8.800000
231.650000 8.800000
231.660000 8.790000
231.670000 8.790000
231.680000 8.790000
231.690000 8.790000
231.700000 8.790000
231.710000 8.790000
231.720000 8.780000
231.730000 8.780000
231.740000 8.780000
231.750000 8.770000
231.760000 8.770000
231.770000 8.770000
231.780000 8.760000
231.790000 8.760000
231.800000 8.760000
231.810000 8.760000
231.820000 8.760000
231.830000 8.760000
231.840000 8.750000
231.850000 8.740000
231.860000 8.740000
231.870000 8.730000
231.880000 8.740000
231.890000 8.740000
231.900000 8.740000
231.910000 8.740000
231.920000 8.740000
231.930000 8.740000
231.940000 8.730000
231.950000 8.730000
231.960000 8.730000
231.970000 8.730000
231.980000 8.720000
231.990000 8.720000
232.000000 8.710000
232.010000 8.700000
232.020000 8.700000
232.030000 8.690000
232.040000 8.680000
232.050000 8.670000
232.060000 8.660000
232.070000 8.660000
232.080000 8.650000
232.090000 8.640000
232.100000 8.640000
232.110000 8.630000
232.120000 8.620000
232.130000 8.620000
232.140000 8.610000
232.150000 8.600000
232.160000 8.590000
232.170000 8.580000
232.180000 8.570000
232.190000 8.570000
232.200000 8.560000
232.210000 8.550000
232.220000 8.540000
232.230000 8.530000
232.240000 8.530000
232.250000 8.520000
232.260000 8.520000
232.270000 8.510000
232.280000 8.500000
232.290000 8.490000
232.300000 8.490000
232.310000 8.480000
232.320000 8.470000
232.330000 8.470000
232.340000 8.460000
232.350000 8.450000
232.360000 8.450000
232.370000 8.440000
232.380000 8.430000
232.390000 8.430000
232.400000 8.430000
232.410000 8.430000
232.420000 8.430000
232.430000 8.430000
232.440000 8.420000
232.450000 8.420000
232.460000 8.420000
232.470000 8.410000
232.480000 8.410000
232.490000 8.410000
232.500000 8.410000
232.510000 8.400000
232.520000 8.390000
232.530000 8.380000
232.540000 8.370000
232.550000 8.370000
232.560000 8.360000
232.570000 8.350000
232.580000 8.350000
232.590000 8.340000
232.600000 8.330000
232.610000 8.320000
232.620000 8.310000
232.630000 8.310000
232.640000 8.300000
232.650000 8.300000
232.660000 8.300000
232.670000 8.290000
232.680000 8.280000
232.690000 8.270000
232.700000 8.270000
232.710000 8.260000
232.720000 8.250000
232.730000 8.240000
232.740000 8.240000
232.750000 8.230000
232.760000 8.220000
232.770000 8.210000
232.780000 8.200000
232.790000 8.180000
232.800000 8.180000
232.810000 8.170000
232.820000 8.170000
232.830000 8.160000
232.840000 8.150000
232.850000 8.140000
232.860000 8.140000
232.870000 8.130000
232.880000 8.130000
232.890000 8.120000
232.900000 8.110000
232.910000 8.110000
232.920000 8.100000
232.930000 8.100000
232.940000 8.090000
232.950000 8.090000
232.960000 8.080000
232.970000 8.080000
232.980000 8.070000
232.990000 8.070000
233.000000 8.060000
233.010000 8.060000
233.020000 8.050000
233.030000 8.050000
233.040000 8.040000
233.050000 8.040000
233.060000 8.030000
233.070000 8.030000
233.080000 8.020000
233.090000 8.020000
233.100000 8.020000
233.110000 8.010000
233.120000 8.010000
233.130000 8.000000
233.140000 7.990000
233.150000 7.990000
233.160000 7.990000
233.170000 7.980000
233.180000 7.980000
233.190000 7.970000
233.200000 7.960000
233.210000 7.950000
233.220000 7.950000
233.230000 7.940000
233.240000 7.940000
233.250000 7.930000
233.260000 7.920000
233.270000 7.920000
233.280000 7.910000
233.290000 7.910000
233.300000 7.900000
233.310000 7.900000
233.320000 7.890000
233.330000 7.880000
233.340000 7.880000
233.350000 7.870000
233.360000 7.870000
233.370000 7.860000
233.380000 7.850000
233.390000 7.850000
233.400000 7.840000
233.410000 7.830000
233.420000 7.830000
233.430000 7.820000
233.440000 7.820000
233.450000 7.810000
233.460000 7.810000
233.470000 7.800000
233.480000 7.800000
233.490000 7.800000
233.500000 7.790000
233.510000 7.790000
233.520000 7.780000
233.530000 7.770000
233.540000 7.770000
233.550000 7.760000
233.560000 7.750000
233.570000 7.750000
233.580000 7.740000
233.590000 7.740000
233.600000 7.730000
233.610000 7.730000
233.620000 7.720000
233.630000 7.720000
233.640000 7.710000
233.650000 7.710000
233.660000 7.700000
233.670000 7.700000
233.680000 7.690000
233.690000 7.690000
233.700000 7.680000
233.710000 7.680000
233.720000 7.680000
233.730000 7.670000
233.740000 7.660000
233.750000 7.660000
233.760000 7.660000
233.770000 7.650000
233.780000 7.650000
233.790000 7.640000
233.800000 7.630000
233.810000 7.630000
233.820000 7.630000
233.830000 7.620000
233.840000 7.620000
233.850000 7.610000
233.860000 7.610000
233.870000 7.610000
233.880000 7.600000
233.890000 7.600000
233.900000 7.600000
233.910000 7.590000
233.920000 7.590000
233.930000 7.590000
233.940000 7.590000
233.950000 7.580000
233.960000 7.580000
233.970000 7.570000
233.980000 7.570000
233.990000 7.560000
234.000000 7.560000
234.010000 7.550000
234.020000 7.550000
234.030000 7.540000
234.040000 7.540000
234.050000 7.540000
234.060000 7.540000
234.070000 7.530000
234.080000 7.530000
234.090000 7.530000
234.100000 7.520000
234.110000 7.520000
234.120000 7.510000
234.130000 7.510000
234.140000 7.510000
234.150000 7.510000
234.160000 7.500000
234.170000 7.500000
234.180000 7.490000
234.190000 7.490000
234.200000 7.490000
234.210000 7.480000
234.220000 7.480000
234.230000 7.480000
234.240000 7.470000
234.250000 7.470000
234.260000 7.470000
234.270000 7.460000
234.280000 7.460000
234.290000 7.460000
234.300000 7.460000
234.310000 7.460000
234.320000 7.450000
234.330000 7.450000
234.340000 7.450000
234.350000 7.440000
234.360000 7.440000
234.370000 7.430000
234.380000 7.430000
234.390000 7.420000
234.400000 7.420000
234.410000 7.410000
234.420000 7.400000
234.430000 7.400000
234.440000 7.400000
234.450000 7.400000
234.460000 7.400000
234.470000 7.390000
234.480000 7.380000
234.490000 7.380000
234.500000 7.370000
234.510000 7.370000
234.520000 7.370000
234.530000 7.360000
234.540000 7.350000
234.550000 7.350000
234.560000 7.340000
234.570000 7.340000
234.580000 7.330000
234.590000 7.330000
234.600000 7.330000
234.610000 7.320000
234.620000 7.320000
234.630000 7.320000
234.640000 7.310000
234.650000 7.310000
234.660000 7.310000
234.670000 7.300000
234.680000 7.300000
234.690000 7.290000
234.700000 7.290000
234.710000 7.290000
234.720000 7.280000
234.730000 7.280000
234.740000 7.280000
234.750000 7.270000
234.760000 7.270000
234.770000 7.270000
234.780000 7.260000
234.790000 7.260000
234.800000 7.260000
234.810000 7.250000
234.820000 7.250000
234.830000 7.250000
234.840000 7.240000
234.850000 7.240000
234.860000 7.240000
234.870000 7.230000
234.880000 7.230000
234.890000 7.230000
234.900000 7.220000
234.910000 7.220000
234.920000 7.220000
234.930000 7.210000
234.940000 7.210000
234.950000 7.210000
234.960000 7.200000
234.970000 7.200000
234.980000 7.200000
234.990000 7.190000
235.000000 7.190000
235.010000 7.190000
235.020000 7.180000
235.030000 7.180000
235.040000 7.180000
235.050000 7.170000
235.060000 7.170000
235.070000 7.170000
235.080000 7.170000
235.090000 7.160000
235.100000 7.160000
235.110000 7.150000
235.120000 7.150000
235.130000 7.150000
235.140000 7.140000
235.150000 7.140000
235.160000 7.140000
235.170000 7.130000
235.180000 7.130000
235.190000 7.120000
235.200000 7.120000
235.210000 7.120000
235.220000 7.110000
235.230000 7.110000
235.240000 7.100000
235.250000 7.100000
235.260000 7.090000
235.270000 7.090000
235.280000 7.080000
235.290000 7.080000
235.300000 7.080000
235.310000 7.070000
235.320000 7.070000
235.330000 7.060000
235.340000 7.060000
235.350000 7.060000
235.360000 7.050000
235.370000 7.050000
235.380000 7.040000
235.390000 7.040000
235.400000 7.040000
235.410000 7.030000
235.420000 7.030000
235.430000 7.030000
235.440000 7.020000
235.450000 7.020000
235.460000 7.020000
235.470000 7.010000
235.480000 7.010000
235.490000 7.000000
235.500000 7.000000
235.510000 7.000000
235.520000 6.990000
235.530000 6.990000
235.540000 6.980000
235.550000 6.980000
235.560000 6.980000
235.570000 6.970000
235.580000 6.970000
235.590000 6.970000
235.600000 6.960000
235.610000 6.960000
235.620000 6.960000
235.630000 6.960000
235.640000 6.950000
235.650000 6.950000
235.660000 6.950000
235.670000 6.950000
235.680000 6.950000
235.690000 6.960000
235.700000 6.970000
235.710000 6.970000
235.720000 6.980000
235.730000 6.980000
235.740000 6.980000
235.750000 6.980000
235.760000 6.970000
235.770000 6.970000
235.780000 6.970000
235.790000 6.970000
235.800000 6.970000
235.810000 6.970000
235.820000 6.970000
235.830000 6.970000
235.840000 6.970000
235.850000 6.960000
235.860000 6.960000
235.870000 6.960000
235.880000 6.950000
235.890000 6.940000
235.900000 6.940000
235.910000 6.940000
235.920000 6.930000
235.930000 6.930000
235.940000 6.930000
235.950000 6.920000
235.960000 6.920000
235.970000 6.920000
235.980000 6.920000
235.990000 6.920000
236.000000 6.910000
236.010000 6.910000
236.020000 6.910000
236.030000 6.910000
236.040000 6.910000
236.050000 6.900000
236.060000 6.900000
236.070000 6.890000
236.080000 6.890000
236.090000 6.880000
236.100000 6.880000
236.110000 6.880000
236.120000 6.870000
236.130000 6.870000
236.140000 6.860000
236.150000 6.850000
236.160000 6.840000
236.170000 6.840000
236.180000 6.840000
236.190000 6.830000
236.200000 6.830000
236.210000 6.820000
236.220000 6.820000
236.230000 6.810000
236.240000 6.810000
236.250000 6.800000
236.260000 6.790000
236.270000 6.780000
236.280000 6.770000
236.290000 6.770000
236.300000 6.770000
236.310000 6.760000
236.320000 6.760000
236.330000 6.750000
236.340000 6.750000
236.350000 6.740000
236.360000 6.740000
236.370000 6.730000
236.380000 6.720000
236.390000 6.720000
236.400000 6.720000
236.410000 6.720000
236.420000 6.720000
236.430000 6.720000
236.440000 6.720000
236.450000 6.710000
236.460000 6.710000
236.470000 6.710000
236.480000 6.700000
236.490000 6.690000
236.500000 6.690000
236.510000 6.680000
236.520000 6.670000
236.530000 6.670000
236.540000 6.660000
236.550000 6.650000
236.560000 6.650000
236.570000 6.640000
236.580000 6.640000
236.590000 6.630000
236.600000 6.630000
236.610000 6.620000
236.620000 6.620000
236.630000 6.620000
236.640000 6.610000
236.650000 6.610000
236.660000 6.600000
236.670000 6.600000
236.680000 6.590000
236.690000 6.590000
236.700000 6.580000
236.710000 6.580000
236.720000 6.580000
236.730000 6.570000
236.740000 6.570000
236.750000 6.560000
236.760000 6.560000
236.770000 6.550000
236.780000 6.550000
236.790000 6.540000
236.800000 6.540000
236.810000 6.530000
236.820000 6.530000
236.830000 6.530000
236.840000 6.520000
236.850000 6.510000
236.860000 6.510000
236.870000 6.510000
236.880000 6.500000
236.890000 6.490000
236.900000 6.480000
236.910000 6.480000
236.920000 6.470000
236.930000 6.470000
236.940000 6.460000
236.950000 6.450000
236.960000 6.450000
236.970000 6.440000
236.980000 6.430000
236.990000 6.430000
237.000000 6.420000
237.010000 6.420000
237.020000 6.410000
237.030000 6.400000
237.040000 6.400000
237.050000 6.400000
237.060000 6.390000
237.070000 6.390000
237.080000 6.380000
237.090000 6.380000
237.100000 6.370000
237.110000 6.370000
237.120000 6.360000
237.130000 6.350000
237.140000 6.350000
237.150000 6.340000
237.160000 6.340000
237.170000 6.330000
237.180000 6.330000
237.190000 6.320000
237.200000 6.320000
237.210000 6.310000
237.220000 6.310000
237.230000 6.300000
237.240000 6.290000
237.250000 6.290000
237.260000 6.290000
237.270000 6.280000
237.280000 6.280000
237.290000 6.270000
237.300000 6.270000
237.310000 6.260000
237.320000 6.250000
237.330000 6.250000
237.340000 6.240000
237.350000 6.240000
237.360000 6.230000
237.370000 6.230000
237.380000 6.230000
237.390000 6.220000
237.400000 6.210000
237.410000 6.200000
237.420000 6.200000
237.430000 6.190000
237.440000 6.180000
237.450000 6.180000
237.460000 6.170000
237.470000 6.170000
237.480000 6.160000
237.490000 6.150000
237.500000 6.150000
237.510000 6.140000
237.520000 6.140000
237.530000 6.130000
237.540000 6.120000
237.550000 6.120000
237.560000 6.110000
237.570000 6.110000
237.580000 6.100000
237.590000 6.100000
237.600000 6.090000
237.610000 6.090000
237.620000 6.090000
237.630000 6.090000
237.640000 6.100000
237.650000 6.100000
237.660000 6.100000
237.670000 6.100000
237.680000 6.100000
237.690000 6.100000
237.700000 6.110000
237.710000 6.110000
237.720000 6.110000
237.730000 6.110000
237.740000 6.110000
237.750000 6.110000
237.760000 6.100000
237.770000 6.100000
237.780000 6.100000
237.790000 6.090000
237.800000 6.090000
237.810000 6.090000
237.820000 6.080000
237.830000 6.080000
237.840000 6.070000
237.850000 6.070000
237.860000 6.060000
237.870000 6.060000
237.880000 6.050000
237.890000 6.050000
237.900000 6.050000
237.910000 6.040000
237.920000 6.030000
237.930000 6.020000
237.940000 6.020000
237.950000 6.020000
237.960000 6.010000
237.970000 6.000000
237.980000 6.000000
237.990000 6.000000
238.000000 5.990000
238.010000 5.980000
238.020000 5.980000
238.030000 5.970000
238.040000 5.970000
238.050000 5.960000
238.060000 5.960000
238.070000 5.950000
238.080000 5.950000
238.090000 5.940000
238.100000 5.930000
238.110000 5.920000
238.120000 5.920000
238.130000 5.920000
238.140000 5.910000
238.150000 5.910000
238.160000 5.910000
238.170000 5.910000
238.180000 5.900000
238.190000 5.890000
238.200000 5.890000
238.210000 5.890000
238.220000 5.880000
238.230000 5.880000
238.240000 5.870000
238.250000 5.870000
238.260000 5.870000
238.270000 5.870000
238.280000 5.860000
238.290000 5.860000
238.300000 5.850000
238.310000 5.850000
238.320000 5.840000
238.330000 5.830000
238.340000 5.820000
238.350000 5.820000
238.360000 5.810000
238.370000 5.800000
238.380000 5.790000
238.390000 5.790000
238.400000 5.790000
238.410000 5.790000
238.420000 5.790000
238.430000 5.780000
238.440000 5.780000
238.450000 5.780000
238.460000 5.770000
238.470000 5.770000
238.480000 5.770000
238.490000 5.770000
238.500000 5.770000
238.510000 5.770000
238.520000 5.760000
238.530000 5.760000
238.540000 5.760000
238.550000 5.760000
238.560000 5.760000
238.570000 5.760000
238.580000 5.760000
238.590000 5.760000
238.600000 5.760000
238.610000 5.760000
238.620000 5.760000
238.630000 5.750000
238.640000 5.740000
238.650000 5.740000
238.660000 5.730000
238.670000 5.730000
238.680000 5.720000
238.690000 5.720000
238.700000 5.710000
238.710000 5.700000
238.720000 5.690000
238.730000 5.690000
238.740000 5.690000
238.750000 5.680000
238.760000 5.680000
238.770000 5.670000
238.780000 5.670000
238.790000 5.660000
238.800000 5.650000
238.810000 5.650000
238.820000 5.650000
238.830000 5.650000
238.840000 5.640000
238.850000 5.640000
238.860000 5.630000
238.870000 5.630000
238.880000 5.620000
238.890000 5.620000
238.900000 5.610000
238.910000 5.610000
238.920000 5.600000
238.930000 5.600000
238.940000 5.590000
238.950000 5.580000
238.960000 5.580000
238.970000 5.570000
238.980000 5.560000
238.990000 5.560000
239.000000 5.550000
239.010000 5.550000
239.020000 5.540000
239.030000 5.540000
239.040000 5.530000
239.050000 5.530000
239.060000 5.530000
239.070000 5.520000
239.080000 5.510000
239.090000 5.510000
239.100000 5.510000
239.110000 5.500000
239.120000 5.490000
239.130000 5.490000
239.140000 5.480000
239.150000 5.480000
239.160000 5.470000
239.170000 5.470000
239.180000 5.460000
239.190000 5.450000
239.200000 5.450000
239.210000 5.440000
239.220000 5.430000
239.230000 5.420000
239.240000 5.410000
239.250000 5.400000
239.260000 5.390000
239.270000 5.380000
239.280000 5.360000
239.290000 5.330000
239.300000 5.310000
239.310000 5.300000
239.320000 5.290000
239.330000 5.290000
239.340000 5.290000
239.350000 5.280000
239.360000 5.280000
239.370000 5.270000
239.380000 5.270000
239.390000 5.260000
239.400000 5.260000
239.410000 5.260000
239.420000 5.250000
239.430000 5.250000
239.440000 5.250000
239.450000 5.240000
239.460000 5.240000
239.470000 5.240000
239.480000 5.230000
239.490000 5.230000
239.500000 5.230000
239.510000 5.220000
239.520000 5.210000
239.530000 5.210000
239.540000 5.210000
239.550000 5.200000
239.560000 5.200000
239.570000 5.190000
239.580000 5.190000
239.590000 5.190000
239.600000 5.180000
239.610000 5.180000
239.620000 5.160000
239.630000 5.130000
239.640000 5.110000
239.650000 5.100000
239.660000 5.100000
239.670000 5.100000
239.680000 5.090000
239.690000 5.090000
239.700000 5.080000
239.710000 5.080000
239.720000 5.070000
239.730000 5.070000
239.740000 5.060000
239.750000 5.060000
239.760000 5.050000
239.770000 5.050000
239.780000 5.040000
239.790000 5.040000
239.800000 5.030000
239.810000 5.030000
239.820000 5.020000
239.830000 5.000000
239.840000 4.990000
239.850000 4.980000
239.860000 4.960000
239.870000 4.950000
239.880000 4.940000
239.890000 4.920000
239.900000 4.910000
239.910000 4.910000
239.920000 4.910000
239.930000 4.910000
239.940000 4.900000
239.950000 4.900000
239.960000 4.890000
239.970000 4.890000
239.980000 4.890000
239.990000 4.890000
