256524.320000 5634645.560000
1865.000000 2.000000
1865.000000 265.000000
250.000000 2.902500
250.007500 2.910000
250.015000 2.910000
250.022500 2.910000
250.030000 2.910000
250.037500 2.917500
250.045000 2.917500
250.052500 2.917500
250.060000 2.917500
250.067500 2.925000
250.075000 2.925000
250.082500 2.925000
250.090000 2.932500
250.097500 2.932500
250.105000 2.932500
250.112500 2.932500
250.120000 2.940000
250.127500 2.940000
250.135000 2.940000
250.142500 2.947500
250.150000 2.947500
250.157500 2.947500
250.165000 2.947500
250.172500 2.955000
250.180000 2.955000
250.187500 2.955000
250.195000 2.962500
250.202500 2.962500
250.210000 2.962500
250.217500 2.970000
250.225000 2.970000
250.232500 2.970000
250.240000 2.977500
250.247500 2.977500
250.255000 2.977500
250.262500 2.985000
250.270000 2.985000
250.277500 2.985000
250.285000 2.992500
250.292500 2.992500
250.300000 2.992500
250.307500 3.000000
250.315000 3.000000
250.322500 3.000000
250.330000 3.000000
250.337500 3.007500
250.345000 3.007500
250.352500 3.015000
250.360000 3.015000
250.367500 3.015000
250.375000 3.022500
250.382500 3.022500
250.390000 3.022500
250.397500 3.022500
250.405000 3.030000
250.412500 3.030000
250.420000 3.037500
250.427500 3.037500
250.435000 3.037500
250.442500 3.045000
250.450000 3.045000
250.457500 3.045000
250.465000 3.045000
250.472500 3.052500
250.480000 3.052500
250.487500 3.060000
250.495000 3.060000
250.502500 3.060000
250.510000 3.060000
250.517500 3.060000
250.525000 3.067500
250.532500 3.067500
250.540000 3.067500
250.547500 3.075000
250.555000 3.075000
250.562500 3.075000
250.570000 3.082500
250.577500 3.082500
250.585000 3.082500
250.592500 3.090000
250.600000 3.090000
250.607500 3.090000
250.615000 3.097500
250.622500 3.097500
250.630000 3.097500
250.637500 3.097500
250.645000 3.097500
250.652500 3.105000
250.660000 3.105000
250.667500 3.105000
250.675000 3.112500
250.682500 3.112500
250.690000 3.112500
250.697500 3.112500
250.705000 3.120000
250.712500 3.120000
250.720000 3.120000
250.727500 3.127500
250.735000 3.127500
250.742500 3.127500
250.750000 3.127500
250.757500 3.127500
250.765000 3.135000
250.772500 3.135000
250.780000 3.135000
250.787500 3.135000
250.795000 3.142500
250.802500 3.142500
250.810000 3.142500
250.817500 3.150000
250.825000 3.150000
250.832500 3.150000
250.840000 3.157500
250.847500 3.157500
250.855000 3.157500
250.862500 3.165000
250.870000 3.165000
250.877500 3.165000
250.885000 3.165000
250.892500 3.172500
250.900000 3.172500
250.907500 3.172500
250.915000 3.172500
250.922500 3.172500
250.930000 3.172500
250.937500 3.180000
250.945000 3.180000
250.952500 3.180000
250.960000 3.180000
250.967500 3.187500
250.975000 3.187500
250.982500 3.187500
250.990000 3.187500
250.997500 3.195000
251.005000 3.195000
251.012500 3.195000
251.020000 3.195000
251.027500 3.202500
251.035000 3.202500
251.042500 3.202500
251.050000 3.202500
251.057500 3.210000
251.065000 3.210000
251.072500 3.210000
251.080000 3.210000
251.087500 3.217500
251.095000 3.217500
251.102500 3.217500
251.110000 3.217500
251.117500 3.225000
251.125000 3.225000
251.132500 3.225000
251.140000 3.225000
251.147500 3.232500
251.155000 3.232500
251.162500 3.232500
251.170000 3.232500
251.177500 3.240000
251.185000 3.240000
251.192500 3.240000
251.200000 3.247500
251.207500 3.247500
251.215000 3.247500
251.222500 3.247500
251.230000 3.247500
251.237500 3.255000
251.245000 3.255000
251.252500 3.255000
251.260000 3.262500
251.267500 3.262500
251.275000 3.270000
251.282500 3.270000
251.290000 3.270000
251.297500 3.270000
251.305000 3.277500
251.312500 3.277500
251.320000 3.277500
251.327500 3.277500
251.335000 3.285000
251.342500 3.285000
251.350000 3.285000
251.357500 3.292500
251.365000 3.292500
251.372500 3.292500
251.380000 3.292500
251.387500 3.300000
251.395000 3.300000
251.402500 3.300000
251.410000 3.307500
251.417500 3.307500
251.425000 3.307500
251.432500 3.315000
251.440000 3.315000
251.447500 3.315000
251.455000 3.315000
251.462500 3.322500
251.470000 3.322500
251.477500 3.322500
251.485000 3.330000
251.492500 3.330000
251.500000 3.330000
251.507500 3.330000
251.515000 3.337500
251.522500 3.337500
251.530000 3.337500
251.537500 3.345000
251.545000 3.345000
251.552500 3.345000
251.560000 3.345000
251.567500 3.352500
251.575000 3.352500
251.582500 3.352500
251.590000 3.360000
251.597500 3.360000
251.605000 3.360000
251.612500 3.367500
251.620000 3.367500
251.627500 3.367500
251.635000 3.367500
251.642500 3.375000
251.650000 3.375000
251.657500 3.375000
251.665000 3.382500
251.672500 3.382500
251.680000 3.382500
251.687500 3.390000
251.695000 3.390000
251.702500 3.397500
251.710000 3.397500
251.717500 3.397500
251.725000 3.397500
251.732500 3.397500
251.740000 3.405000
251.747500 3.405000
251.755000 3.405000
251.762500 3.412500
251.770000 3.412500
251.777500 3.412500
251.785000 3.420000
251.792500 3.420000
251.800000 3.427500
251.807500 3.427500
251.815000 3.427500
251.822500 3.427500
251.830000 3.435000
251.837500 3.435000
251.845000 3.435000
251.852500 3.442500
251.860000 3.442500
251.867500 3.442500
251.875000 3.450000
251.882500 3.450000
251.890000 3.457500
251.897500 3.457500
251.905000 3.457500
251.912500 3.465000
251.920000 3.465000
251.927500 3.465000
251.935000 3.472500
251.942500 3.472500
251.950000 3.472500
251.957500 3.480000
251.965000 3.480000
251.972500 3.487500
251.980000 3.487500
251.987500 3.487500
251.995000 3.487500
252.002500 3.495000
252.010000 3.495000
252.017500 3.502500
252.025000 3.502500
252.032500 3.502500
252.040000 3.510000
252.047500 3.510000
252.055000 3.510000
252.062500 3.517500
252.070000 3.517500
252.077500 3.525000
252.085000 3.525000
252.092500 3.525000
252.100000 3.532500
252.107500 3.532500
252.115000 3.532500
252.122500 3.540000
252.130000 3.540000
252.137500 3.547500
252.145000 3.547500
252.152500 3.547500
252.160000 3.555000
252.167500 3.555000
252.175000 3.562500
252.182500 3.562500
252.190000 3.562500
252.197500 3.570000
252.205000 3.570000
252.212500 3.570000
252.220000 3.577500
252.227500 3.577500
252.235000 3.585000
252.242500 3.585000
252.250000 3.592500
252.257500 3.592500
252.265000 3.592500
252.272500 3.600000
252.280000 3.600000
252.287500 3.600000
252.295000 3.607500
252.302500 3.607500
252.310000 3.607500
252.317500 3.615000
252.325000 3.615000
252.332500 3.622500
252.340000 3.622500
252.347500 3.630000
252.355000 3.630000
252.362500 3.630000
252.370000 3.637500
252.377500 3.637500
252.385000 3.645000
252.392500 3.645000
252.400000 3.652500
252.407500 3.652500
252.415000 3.660000
252.422500 3.660000
252.430000 3.660000
252.437500 3.660000
252.445000 3.667500
252.452500 3.667500
252.460000 3.675000
252.467500 3.675000
252.475000 3.682500
252.482500 3.682500
252.490000 3.690000
252.497500 3.690000
252.505000 3.697500
252.512500 3.697500
252.520000 3.705000
252.527500 3.705000
252.535000 3.705000
252.542500 3.712500
252.550000 3.712500
252.557500 3.720000
252.565000 3.720000
252.572500 3.727500
252.580000 3.727500
252.587500 3.735000
252.595000 3.735000
252.602500 3.742500
252.610000 3.742500
252.617500 3.750000
252.625000 3.750000
252.632500 3.757500
252.640000 3.757500
252.647500 3.757500
252.655000 3.765000
252.662500 3.765000
252.670000 3.772500
252.677500 3.772500
252.685000 3.780000
252.692500 3.780000
252.700000 3.787500
252.707500 3.787500
252.715000 3.795000
252.722500 3.795000
252.730000 3.802500
252.737500 3.802500
252.745000 3.810000
252.752500 3.810000
252.760000 3.817500
252.767500 3.817500
252.775000 3.817500
252.782500 3.825000
252.790000 3.825000
252.797500 3.832500
252.805000 3.832500
252.812500 3.840000
252.820000 3.840000
252.827500 3.847500
252.835000 3.847500
252.842500 3.855000
252.850000 3.855000
252.857500 3.862500
252.865000 3.862500
252.872500 3.870000
252.880000 3.870000
252.887500 3.877500
252.895000 3.877500
252.902500 3.885000
252.910000 3.885000
252.917500 3.892500
252.925000 3.892500
252.932500 3.900000
252.940000 3.900000
252.947500 3.907500
252.955000 3.907500
252.962500 3.915000
252.970000 3.915000
252.977500 3.922500
252.985000 3.922500
252.992500 3.930000
253.000000 3.937500
253.007500 3.937500
253.015000 3.945000
253.022500 3.945000
253.030000 3.952500
253.037500 3.952500
253.045000 3.960000
253.052500 3.960000
253.060000 3.967500
253.067500 3.967500
253.075000 3.975000
253.082500 3.982500
253.090000 3.982500
253.097500 3.982500
253.105000 3.990000
253.112500 3.990000
253.120000 3.997500
253.127500 3.997500
253.135000 4.005000
253.142500 4.005000
253.150000 4.012500
253.157500 4.020000
253.165000 4.020000
253.172500 4.027500
253.180000 4.027500
253.187500 4.035000
253.195000 4.035000
253.202500 4.042500
253.210000 4.050000
253.217500 4.050000
253.225000 4.057500
253.232500 4.057500
253.240000 4.065000
253.247500 4.072500
253.255000 4.072500
253.262500 4.080000
253.270000 4.080000
253.277500 4.087500
253.285000 4.087500
253.292500 4.095000
253.300000 4.102500
253.307500 4.110000
253.315000 4.110000
253.322500 4.117500
253.330000 4.117500
253.337500 4.125000
253.345000 4.132500
253.352500 4.132500
253.360000 4.140000
253.367500 4.140000
253.375000 4.147500
253.382500 4.155000
253.390000 4.155000
253.397500 4.162500
253.405000 4.170000
253.412500 4.170000
253.420000 4.177500
253.427500 4.177500
253.435000 4.185000
253.442500 4.185000
253.450000 4.192500
253.457500 4.192500
253.465000 4.200000
253.472500 4.200000
253.480000 4.207500
253.487500 4.207500
253.495000 4.215000
253.502500 4.215000
253.510000 4.215000
253.517500 4.222500
253.525000 4.230000
253.532500 4.230000
253.540000 4.237500
253.547500 4.237500
253.555000 4.245000
253.562500 4.252500
253.570000 4.252500
253.577500 4.260000
253.585000 4.260000
253.592500 4.267500
253.600000 4.267500
253.607500 4.275000
253.615000 4.282500
253.622500 4.282500
253.630000 4.290000
253.637500 4.290000
253.645000 4.297500
253.652500 4.297500
253.660000 4.305000
253.667500 4.312500
253.675000 4.312500
253.682500 4.312500
253.690000 4.320000
253.697500 4.327500
253.705000 4.327500
253.712500 4.335000
253.720000 4.335000
253.727500 4.335000
253.735000 4.342500
253.742500 4.350000
253.750000 4.350000
253.757500 4.357500
253.765000 4.357500
253.772500 4.365000
253.780000 4.365000
253.787500 4.372500
253.795000 4.380000
253.802500 4.387500
253.810000 4.387500
253.817500 4.395000
253.825000 4.395000
253.832500 4.402500
253.840000 4.402500
253.847500 4.410000
253.855000 4.417500
253.862500 4.417500
253.870000 4.425000
253.877500 4.432500
253.885000 4.440000
253.892500 4.440000
253.900000 4.447500
253.907500 4.447500
253.915000 4.455000
253.922500 4.455000
253.930000 4.462500
253.937500 4.462500
253.945000 4.470000
253.952500 4.477500
253.960000 4.477500
253.967500 4.485000
253.975000 4.485000
253.982500 4.492500
253.990000 4.492500
253.997500 4.500000
254.005000 4.500000
254.012500 4.507500
254.020000 4.507500
254.027500 4.515000
254.035000 4.515000
254.042500 4.522500
254.050000 4.522500
254.057500 4.530000
254.065000 4.537500
254.072500 4.545000
254.080000 4.552500
254.087500 4.552500
254.095000 4.560000
254.102500 4.567500
254.110000 4.567500
254.117500 4.575000
254.125000 4.575000
254.132500 4.582500
254.140000 4.582500
254.147500 4.590000
254.155000 4.590000
254.162500 4.597500
254.170000 4.605000
254.177500 4.612500
254.185000 4.620000
254.192500 4.620000
254.200000 4.620000
254.207500 4.620000
254.215000 4.620000
254.222500 4.627500
254.230000 4.627500
254.237500 4.635000
254.245000 4.635000
254.252500 4.635000
254.260000 4.642500
254.267500 4.642500
254.275000 4.650000
254.282500 4.650000
254.290000 4.657500
254.297500 4.657500
254.305000 4.665000
254.312500 4.665000
254.320000 4.672500
254.327500 4.672500
254.335000 4.672500
254.342500 4.680000
254.350000 4.680000
254.357500 4.687500
254.365000 4.687500
254.372500 4.687500
254.380000 4.695000
254.387500 4.695000
254.395000 4.702500
254.402500 4.702500
254.410000 4.710000
254.417500 4.710000
254.425000 4.717500
254.432500 4.717500
254.440000 4.717500
254.447500 4.725000
254.455000 4.725000
254.462500 4.732500
254.470000 4.732500
254.477500 4.740000
254.485000 4.740000
254.492500 4.740000
254.500000 4.747500
254.507500 4.747500
254.515000 4.747500
254.522500 4.755000
254.530000 4.755000
254.537500 4.762500
254.545000 4.762500
254.552500 4.770000
254.560000 4.770000
254.567500 4.777500
254.575000 4.785000
254.582500 4.785000
254.590000 4.792500
254.597500 4.792500
254.605000 4.792500
254.612500 4.800000
254.620000 4.807500
254.627500 4.807500
254.635000 4.815000
254.642500 4.815000
254.650000 4.822500
254.657500 4.822500
254.665000 4.830000
254.672500 4.830000
254.680000 4.837500
254.687500 4.837500
254.695000 4.845000
254.702500 4.845000
254.710000 4.852500
254.717500 4.852500
254.725000 4.860000
254.732500 4.867500
254.740000 4.867500
254.747500 4.875000
254.755000 4.875000
254.762500 4.882500
254.770000 4.882500
254.777500 4.890000
254.785000 4.890000
254.792500 4.897500
254.800000 4.897500
254.807500 4.905000
254.815000 4.912500
254.822500 4.912500
254.830000 4.912500
254.837500 4.920000
254.845000 4.927500
254.852500 4.927500
254.860000 4.935000
254.867500 4.935000
254.875000 4.935000
254.882500 4.942500
254.890000 4.942500
254.897500 4.950000
254.905000 4.950000
254.912500 4.957500
254.920000 4.965000
254.927500 4.972500
254.935000 4.980000
254.942500 4.980000
254.950000 4.987500
254.957500 4.995000
254.965000 4.995000
254.972500 5.002500
254.980000 5.010000
254.987500 5.010000
254.995000 5.017500
255.002500 5.017500
255.010000 5.025000
255.017500 5.025000
255.025000 5.032500
255.032500 5.032500
255.040000 5.032500
255.047500 5.040000
255.055000 5.040000
255.062500 5.040000
255.070000 5.040000
255.077500 5.040000
255.085000 5.040000
255.092500 5.040000
255.100000 5.047500
255.107500 5.055000
255.115000 5.062500
255.122500 5.070000
255.130000 5.077500
255.137500 5.077500
255.145000 5.085000
255.152500 5.085000
255.160000 5.092500
255.167500 5.100000
255.175000 5.100000
255.182500 5.100000
255.190000 5.100000
255.197500 5.107500
255.205000 5.107500
255.212500 5.107500
255.220000 5.115000
255.227500 5.122500
255.235000 5.130000
255.242500 5.130000
255.250000 5.130000
255.257500 5.137500
255.265000 5.145000
255.272500 5.145000
255.280000 5.152500
255.287500 5.160000
255.295000 5.167500
255.302500 5.167500
255.310000 5.175000
255.317500 5.175000
255.325000 5.182500
255.332500 5.190000
255.340000 5.197500
255.347500 5.197500
255.355000 5.205000
255.362500 5.212500
255.370000 5.212500
255.377500 5.220000
255.385000 5.220000
255.392500 5.227500
255.400000 5.235000
255.407500 5.235000
255.415000 5.242500
255.422500 5.250000
255.430000 5.250000
255.437500 5.257500
255.445000 5.265000
255.452500 5.265000
255.460000 5.272500
255.467500 5.272500
255.475000 5.280000
255.482500 5.280000
255.490000 5.287500
255.497500 5.287500
255.505000 5.287500
255.512500 5.287500
255.520000 5.287500
255.527500 5.295000
255.535000 5.295000
255.542500 5.295000
255.550000 5.302500
255.557500 5.302500
255.565000 5.310000
255.572500 5.317500
255.580000 5.325000
255.587500 5.325000
255.595000 5.332500
255.602500 5.332500
255.610000 5.332500
255.617500 5.340000
255.625000 5.340000
255.632500 5.340000
255.640000 5.347500
255.647500 5.355000
255.655000 5.362500
255.662500 5.370000
255.670000 5.385000
255.677500 5.392500
255.685000 5.392500
255.692500 5.400000
255.700000 5.407500
255.707500 5.415000
255.715000 5.415000
255.722500 5.422500
255.730000 5.422500
255.737500 5.430000
255.745000 5.430000
255.752500 5.437500
255.760000 5.437500
255.767500 5.445000
255.775000 5.452500
255.782500 5.452500
255.790000 5.460000
255.797500 5.467500
255.805000 5.467500
255.812500 5.467500
255.820000 5.475000
255.827500 5.475000
255.835000 5.482500
255.842500 5.482500
255.850000 5.490000
255.857500 5.497500
255.865000 5.505000
255.872500 5.505000
255.880000 5.512500
255.887500 5.520000
255.895000 5.520000
255.902500 5.527500
255.910000 5.527500
255.917500 5.535000
255.925000 5.542500
255.932500 5.542500
255.940000 5.550000
255.947500 5.550000
255.955000 5.550000
255.962500 5.557500
255.970000 5.565000
255.977500 5.565000
255.985000 5.572500
255.992500 5.572500
256.000000 5.580000
256.007500 5.587500
256.015000 5.587500
256.022500 5.595000
256.030000 5.595000
256.037500 5.602500
256.045000 5.610000
256.052500 5.610000
256.060000 5.617500
256.067500 5.617500
256.075000 5.625000
256.082500 5.625000
256.090000 5.632500
256.097500 5.632500
256.105000 5.640000
256.112500 5.640000
256.120000 5.647500
256.127500 5.655000
256.135000 5.655000
256.142500 5.655000
256.150000 5.662500
256.157500 5.670000
256.165000 5.670000
256.172500 5.677500
256.180000 5.677500
256.187500 5.677500
256.195000 5.685000
256.202500 5.685000
256.210000 5.692500
256.217500 5.692500
256.225000 5.700000
256.232500 5.700000
256.240000 5.707500
256.247500 5.707500
256.255000 5.715000
256.262500 5.715000
256.270000 5.722500
256.277500 5.730000
256.285000 5.737500
256.292500 5.737500
256.300000 5.737500
256.307500 5.745000
256.315000 5.745000
256.322500 5.760000
256.330000 5.760000
256.337500 5.760000
256.345000 5.767500
256.352500 5.767500
256.360000 5.775000
256.367500 5.775000
256.375000 5.782500
256.382500 5.790000
256.390000 5.797500
256.397500 5.805000
256.405000 5.820000
256.412500 5.820000
256.420000 5.820000
256.427500 5.812500
256.435000 5.820000
256.442500 5.827500
256.450000 5.827500
256.457500 5.835000
256.465000 5.835000
256.472500 5.842500
256.480000 5.842500
256.487500 5.857500
256.495000 5.865000
256.502500 5.880000
256.510000 5.880000
256.517500 5.887500
256.525000 5.895000
256.532500 5.902500
256.540000 5.910000
256.547500 5.917500
256.555000 5.917500
256.562500 5.917500
256.570000 5.925000
256.577500 5.925000
256.585000 5.925000
256.592500 5.925000
256.600000 5.932500
256.607500 5.932500
256.615000 5.940000
256.622500 5.940000
256.630000 5.940000
256.637500 5.940000
256.645000 5.940000
256.652500 5.940000
256.660000 5.940000
256.667500 5.940000
256.675000 5.932500
256.682500 5.940000
256.690000 5.940000
256.697500 5.947500
256.705000 5.947500
256.712500 5.947500
256.720000 5.955000
256.727500 5.962500
256.735000 5.962500
256.742500 5.970000
256.750000 5.970000
256.757500 5.970000
256.765000 5.970000
256.772500 5.970000
256.780000 5.970000
256.787500 5.970000
256.795000 5.970000
256.802500 5.970000
256.810000 5.962500
256.817500 5.962500
256.825000 5.962500
256.832500 5.962500
256.840000 5.962500
256.847500 5.962500
256.855000 5.962500
256.862500 5.962500
256.870000 5.962500
256.877500 5.962500
256.885000 5.962500
256.892500 5.962500
256.900000 5.962500
256.907500 5.962500
256.915000 5.962500
256.922500 5.955000
256.930000 5.955000
256.937500 5.955000
256.945000 5.955000
256.952500 5.955000
256.960000 5.955000
256.967500 5.955000
256.975000 5.955000
256.982500 5.955000
256.990000 5.955000
256.997500 5.955000
257.005000 5.947500
257.012500 5.947500
257.020000 5.947500
257.027500 5.940000
257.035000 5.940000
257.042500 5.940000
257.050000 5.932500
257.057500 5.932500
257.065000 5.932500
257.072500 5.932500
257.080000 5.932500
257.087500 5.925000
257.095000 5.917500
257.102500 5.917500
257.110000 5.917500
257.117500 5.917500
257.125000 5.910000
257.132500 5.910000
257.140000 5.910000
257.147500 5.910000
257.155000 5.910000
257.162500 5.910000
257.170000 5.910000
257.177500 5.917500
257.185000 5.917500
257.192500 5.917500
257.200000 5.917500
257.207500 5.910000
257.215000 5.910000
257.222500 5.902500
257.230000 5.902500
257.237500 5.902500
257.245000 5.902500
257.252500 5.902500
257.260000 5.902500
257.267500 5.902500
257.275000 5.902500
257.282500 5.902500
257.290000 5.902500
257.297500 5.895000
257.305000 5.895000
257.312500 5.895000
257.320000 5.887500
257.327500 5.887500
257.335000 5.887500
257.342500 5.887500
257.350000 5.887500
257.357500 5.895000
257.365000 5.895000
257.372500 5.887500
257.380000 5.887500
257.387500 5.887500
257.395000 5.887500
257.402500 5.887500
257.410000 5.887500
257.417500 5.887500
257.425000 5.887500
257.432500 5.887500
257.440000 5.887500
257.447500 5.887500
257.455000 5.887500
257.462500 5.887500
257.470000 5.887500
257.477500 5.887500
257.485000 5.887500
257.492500 5.887500
257.500000 5.887500
257.507500 5.887500
257.515000 5.887500
257.522500 5.887500
257.530000 5.887500
257.537500 5.887500
257.545000 5.887500
257.552500 5.887500
257.560000 5.887500
257.567500 5.887500
257.575000 5.887500
257.582500 5.887500
257.590000 5.887500
257.597500 5.887500
257.605000 5.880000
257.612500 5.880000
257.620000 5.880000
257.627500 5.880000
257.635000 5.880000
257.642500 5.880000
257.650000 5.872500
257.657500 5.872500
257.665000 5.872500
257.672500 5.872500
257.680000 5.872500
257.687500 5.872500
257.695000 5.872500
257.702500 5.872500
257.710000 5.872500
257.717500 5.872500
257.725000 5.872500
257.732500 5.865000
257.740000 5.865000
257.747500 5.865000
257.755000 5.857500
257.762500 5.857500
257.770000 5.857500
257.777500 5.857500
257.785000 5.857500
257.792500 5.850000
257.800000 5.850000
257.807500 5.850000
257.815000 5.850000
257.822500 5.850000
257.830000 5.842500
257.837500 5.842500
257.845000 5.842500
257.852500 5.835000
257.860000 5.835000
257.867500 5.835000
257.875000 5.827500
257.882500 5.827500
257.890000 5.827500
257.897500 5.820000
257.905000 5.820000
257.912500 5.812500
257.920000 5.812500
257.927500 5.805000
257.935000 5.797500
257.942500 5.797500
257.950000 5.790000
257.957500 5.790000
257.965000 5.782500
257.972500 5.782500
257.980000 5.775000
257.987500 5.775000
257.995000 5.767500
258.002500 5.767500
258.010000 5.760000
258.017500 5.760000
258.025000 5.752500
258.032500 5.752500
258.040000 5.745000
258.047500 5.745000
258.055000 5.745000
258.062500 5.737500
258.070000 5.730000
258.077500 5.730000
258.085000 5.730000
258.092500 5.722500
258.100000 5.715000
258.107500 5.715000
258.115000 5.715000
258.122500 5.715000
258.130000 5.715000
258.137500 5.707500
258.145000 5.707500
258.152500 5.700000
258.160000 5.700000
258.167500 5.700000
258.175000 5.692500
258.182500 5.692500
258.190000 5.692500
258.197500 5.685000
258.205000 5.677500
258.212500 5.670000
258.220000 5.662500
258.227500 5.662500
258.235000 5.655000
258.242500 5.647500
258.250000 5.647500
258.257500 5.640000
258.265000 5.640000
258.272500 5.632500
258.280000 5.625000
258.287500 5.625000
258.295000 5.617500
258.302500 5.617500
258.310000 5.610000
258.317500 5.610000
258.325000 5.602500
258.332500 5.602500
258.340000 5.595000
258.347500 5.587500
258.355000 5.580000
258.362500 5.580000
258.370000 5.580000
258.377500 5.572500
258.385000 5.565000
258.392500 5.565000
258.400000 5.557500
258.407500 5.550000
258.415000 5.542500
258.422500 5.535000
258.430000 5.535000
258.437500 5.527500
258.445000 5.527500
258.452500 5.520000
258.460000 5.512500
258.467500 5.512500
258.475000 5.505000
258.482500 5.497500
258.490000 5.497500
258.497500 5.497500
258.505000 5.490000
258.512500 5.482500
258.520000 5.475000
258.527500 5.475000
258.535000 5.467500
258.542500 5.467500
258.550000 5.460000
258.557500 5.460000
258.565000 5.452500
258.572500 5.452500
258.580000 5.445000
258.587500 5.445000
258.595000 5.437500
258.602500 5.437500
258.610000 5.422500
258.617500 5.415000
258.625000 5.415000
258.632500 5.407500
258.640000 5.407500
258.647500 5.392500
258.655000 5.385000
258.662500 5.377500
258.670000 5.377500
258.677500 5.370000
258.685000 5.370000
258.692500 5.362500
258.700000 5.355000
258.707500 5.347500
258.715000 5.340000
258.722500 5.340000
258.730000 5.332500
258.737500 5.325000
258.745000 5.325000
258.752500 5.317500
258.760000 5.310000
258.767500 5.310000
258.775000 5.302500
258.782500 5.302500
258.790000 5.302500
258.797500 5.295000
258.805000 5.287500
258.812500 5.280000
258.820000 5.280000
258.827500 5.272500
258.835000 5.272500
258.842500 5.265000
258.850000 5.265000
258.857500 5.257500
258.865000 5.257500
258.872500 5.250000
258.880000 5.250000
258.887500 5.250000
258.895000 5.242500
258.902500 5.235000
258.910000 5.235000
258.917500 5.227500
258.925000 5.220000
258.932500 5.220000
258.940000 5.212500
258.947500 5.205000
258.955000 5.197500
258.962500 5.190000
258.970000 5.190000
258.977500 5.190000
258.985000 5.182500
258.992500 5.182500
259.000000 5.182500
259.007500 5.175000
259.015000 5.175000
259.022500 5.175000
259.030000 5.167500
259.037500 5.167500
259.045000 5.167500
259.052500 5.167500
259.060000 5.167500
259.067500 5.167500
259.075000 5.167500
259.082500 5.167500
259.090000 5.160000
259.097500 5.152500
259.105000 5.152500
259.112500 5.152500
259.120000 5.145000
259.127500 5.145000
259.135000 5.145000
259.142500 5.145000
259.150000 5.145000
259.157500 5.145000
259.165000 5.137500
259.172500 5.137500
259.180000 5.130000
259.187500 5.130000
259.195000 5.130000
259.202500 5.130000
259.210000 5.122500
259.217500 5.122500
259.225000 5.115000
259.232500 5.107500
259.240000 5.100000
259.247500 5.100000
259.255000 5.100000
259.262500 5.085000
259.270000 5.077500
259.277500 5.070000
259.285000 5.070000
259.292500 5.062500
259.300000 5.062500
259.307500 5.055000
259.315000 5.055000
259.322500 5.047500
259.330000 5.040000
259.337500 5.032500
259.345000 5.032500
259.352500 5.025000
259.360000 5.017500
259.367500 5.010000
259.375000 5.002500
259.382500 4.995000
259.390000 4.995000
259.397500 4.995000
259.405000 4.987500
259.412500 4.980000
259.420000 4.972500
259.427500 4.965000
259.435000 4.965000
259.442500 4.957500
259.450000 4.957500
259.457500 4.950000
259.465000 4.942500
259.472500 4.935000
259.480000 4.927500
259.487500 4.920000
259.495000 4.912500
259.502500 4.905000
259.510000 4.905000
259.517500 4.897500
259.525000 4.897500
259.532500 4.890000
259.540000 4.882500
259.547500 4.875000
259.555000 4.875000
259.562500 4.867500
259.570000 4.860000
259.577500 4.860000
259.585000 4.860000
259.592500 4.852500
259.600000 4.845000
259.607500 4.837500
259.615000 4.830000
259.622500 4.822500
259.630000 4.822500
259.637500 4.815000
259.645000 4.807500
259.652500 4.800000
259.660000 4.800000
259.667500 4.792500
259.675000 4.792500
259.682500 4.785000
259.690000 4.777500
259.697500 4.770000
259.705000 4.770000
259.712500 4.762500
259.720000 4.762500
259.727500 4.762500
259.735000 4.755000
259.742500 4.747500
259.750000 4.740000
259.757500 4.732500
259.765000 4.732500
259.772500 4.725000
259.780000 4.717500
259.787500 4.710000
259.795000 4.710000
259.802500 4.702500
259.810000 4.695000
259.817500 4.687500
259.825000 4.680000
259.832500 4.680000
259.840000 4.672500
259.847500 4.672500
259.855000 4.672500
259.862500 4.657500
259.870000 4.657500
259.877500 4.650000
259.885000 4.642500
259.892500 4.642500
259.900000 4.635000
259.907500 4.627500
259.915000 4.620000
259.922500 4.620000
259.930000 4.612500
259.937500 4.612500
259.945000 4.605000
259.952500 4.597500
259.960000 4.590000
259.967500 4.582500
259.975000 4.582500
259.982500 4.582500
259.990000 4.582500
259.997500 4.575000
260.005000 4.567500
260.012500 4.567500
260.020000 4.560000
260.027500 4.560000
260.035000 4.552500
260.042500 4.545000
260.050000 4.537500
260.057500 4.537500
260.065000 4.537500
260.072500 4.530000
260.080000 4.522500
260.087500 4.522500
260.095000 4.515000
260.102500 4.507500
260.110000 4.500000
260.117500 4.500000
260.125000 4.492500
260.132500 4.492500
260.140000 4.485000
260.147500 4.485000
260.155000 4.477500
260.162500 4.470000
260.170000 4.462500
260.177500 4.462500
260.185000 4.455000
260.192500 4.447500
260.200000 4.440000
260.207500 4.432500
260.215000 4.432500
260.222500 4.425000
260.230000 4.425000
260.237500 4.417500
260.245000 4.410000
260.252500 4.410000
260.260000 4.402500
260.267500 4.395000
260.275000 4.395000
260.282500 4.387500
260.290000 4.387500
260.297500 4.380000
260.305000 4.372500
260.312500 4.365000
260.320000 4.365000
260.327500 4.357500
260.335000 4.350000
260.342500 4.350000
260.350000 4.342500
260.357500 4.342500
260.365000 4.335000
260.372500 4.335000
260.380000 4.327500
260.387500 4.320000
260.395000 4.320000
260.402500 4.312500
260.410000 4.305000
260.417500 4.305000
260.425000 4.297500
260.432500 4.290000
260.440000 4.290000
260.447500 4.282500
260.455000 4.282500
260.462500 4.275000
260.470000 4.275000
260.477500 4.267500
260.485000 4.267500
260.492500 4.267500
260.500000 4.260000
260.507500 4.252500
260.515000 4.252500
260.522500 4.245000
260.530000 4.245000
260.537500 4.237500
260.545000 4.237500
260.552500 4.230000
260.560000 4.230000
260.567500 4.230000
260.575000 4.222500
260.582500 4.222500
260.590000 4.215000
260.597500 4.215000
260.605000 4.207500
260.612500 4.207500
260.620000 4.200000
260.627500 4.200000
260.635000 4.192500
260.642500 4.192500
260.650000 4.185000
260.657500 4.177500
260.665000 4.177500
260.672500 4.170000
260.680000 4.170000
260.687500 4.162500
260.695000 4.162500
260.702500 4.155000
260.710000 4.155000
260.717500 4.147500
260.725000 4.147500
260.732500 4.140000
260.740000 4.140000
260.747500 4.132500
260.755000 4.132500
260.762500 4.125000
260.770000 4.125000
260.777500 4.117500
260.785000 4.117500
260.792500 4.117500
260.800000 4.110000
260.807500 4.102500
260.815000 4.102500
260.822500 4.095000
260.830000 4.095000
260.837500 4.087500
260.845000 4.087500
260.852500 4.080000
260.860000 4.080000
260.867500 4.080000
260.875000 4.080000
260.882500 4.072500
260.890000 4.065000
260.897500 4.065000
260.905000 4.057500
260.912500 4.057500
260.920000 4.050000
260.927500 4.050000
260.935000 4.042500
260.942500 4.042500
260.950000 4.035000
260.957500 4.035000
260.965000 4.027500
260.972500 4.027500
260.980000 4.020000
260.987500 4.020000
260.995000 4.012500
261.002500 4.012500
261.010000 4.005000
261.017500 4.005000
261.025000 3.997500
261.032500 3.997500
261.040000 3.997500
261.047500 3.990000
261.055000 3.982500
261.062500 3.982500
261.070000 3.982500
261.077500 3.975000
261.085000 3.975000
261.092500 3.967500
261.100000 3.967500
261.107500 3.960000
261.115000 3.960000
261.122500 3.952500
261.130000 3.952500
261.137500 3.945000
261.145000 3.945000
261.152500 3.937500
261.160000 3.937500
261.167500 3.930000
261.175000 3.930000
261.182500 3.922500
261.190000 3.922500
261.197500 3.922500
261.205000 3.915000
261.212500 3.915000
261.220000 3.907500
261.227500 3.907500
261.235000 3.900000
261.242500 3.900000
261.250000 3.892500
261.257500 3.892500
261.265000 3.885000
261.272500 3.885000
261.280000 3.877500
261.287500 3.877500
261.295000 3.870000
261.302500 3.870000
261.310000 3.870000
261.317500 3.862500
261.325000 3.855000
261.332500 3.855000
261.340000 3.855000
261.347500 3.847500
261.355000 3.847500
261.362500 3.840000
261.370000 3.840000
261.377500 3.840000
261.385000 3.832500
261.392500 3.832500
261.400000 3.832500
261.407500 3.825000
261.415000 3.825000
261.422500 3.817500
261.430000 3.817500
261.437500 3.810000
261.445000 3.810000
261.452500 3.810000
261.460000 3.802500
261.467500 3.802500
261.475000 3.795000
261.482500 3.795000
261.490000 3.795000
261.497500 3.787500
261.505000 3.787500
261.512500 3.780000
261.520000 3.780000
261.527500 3.780000
261.535000 3.772500
261.542500 3.772500
261.550000 3.765000
261.557500 3.765000
261.565000 3.765000
261.572500 3.757500
261.580000 3.757500
261.587500 3.750000
261.595000 3.750000
261.602500 3.742500
261.610000 3.742500
261.617500 3.742500
261.625000 3.735000
261.632500 3.735000
261.640000 3.727500
261.647500 3.727500
261.655000 3.720000
261.662500 3.720000
261.670000 3.720000
261.677500 3.712500
261.685000 3.712500
261.692500 3.705000
261.700000 3.705000
261.707500 3.697500
261.715000 3.697500
261.722500 3.697500
261.730000 3.690000
261.737500 3.690000
261.745000 3.682500
261.752500 3.682500
261.760000 3.675000
261.767500 3.675000
261.775000 3.667500
261.782500 3.667500
261.790000 3.660000
261.797500 3.660000
261.805000 3.660000
261.812500 3.652500
261.820000 3.652500
261.827500 3.645000
261.835000 3.645000
261.842500 3.637500
261.850000 3.637500
261.857500 3.637500
261.865000 3.630000
261.872500 3.630000
261.880000 3.622500
261.887500 3.622500
261.895000 3.615000
261.902500 3.615000
261.910000 3.615000
261.917500 3.607500
261.925000 3.607500
261.932500 3.600000
261.940000 3.600000
261.947500 3.592500
261.955000 3.592500
261.962500 3.592500
261.970000 3.585000
261.977500 3.585000
261.985000 3.577500
261.992500 3.577500
262.000000 3.577500
262.007500 3.570000
262.015000 3.570000
262.022500 3.562500
262.030000 3.562500
262.037500 3.562500
262.045000 3.555000
262.052500 3.555000
262.060000 3.555000
262.067500 3.547500
262.075000 3.547500
262.082500 3.540000
262.090000 3.540000
262.097500 3.532500
262.105000 3.532500
262.112500 3.525000
262.120000 3.525000
262.127500 3.517500
262.135000 3.517500
262.142500 3.517500
262.150000 3.510000
262.157500 3.510000
262.165000 3.502500
262.172500 3.502500
262.180000 3.495000
262.187500 3.495000
262.195000 3.495000
262.202500 3.487500
262.210000 3.487500
262.217500 3.480000
262.225000 3.480000
262.232500 3.472500
262.240000 3.472500
262.247500 3.465000
262.255000 3.465000
262.262500 3.457500
262.270000 3.450000
262.277500 3.450000
262.285000 3.450000
262.292500 3.442500
262.300000 3.442500
262.307500 3.435000
262.315000 3.427500
262.322500 3.427500
262.330000 3.420000
262.337500 3.420000
262.345000 3.412500
262.352500 3.412500
262.360000 3.405000
262.367500 3.405000
262.375000 3.397500
262.382500 3.397500
262.390000 3.390000
262.397500 3.382500
262.405000 3.382500
262.412500 3.375000
262.420000 3.375000
262.427500 3.367500
262.435000 3.367500
262.442500 3.367500
262.450000 3.360000
262.457500 3.367500
262.465000 3.360000
262.472500 3.360000
262.480000 3.352500
262.487500 3.352500
262.495000 3.352500
262.502500 3.345000
262.510000 3.337500
262.517500 3.337500
262.525000 3.337500
262.532500 3.330000
262.540000 3.330000
262.547500 3.322500
262.555000 3.315000
262.562500 3.315000
262.570000 3.307500
262.577500 3.300000
262.585000 3.300000
262.592500 3.292500
262.600000 3.285000
262.607500 3.285000
262.615000 3.285000
262.622500 3.277500
262.630000 3.277500
262.637500 3.270000
262.645000 3.270000
262.652500 3.262500
262.660000 3.262500
262.667500 3.262500
262.675000 3.255000
262.682500 3.255000
262.690000 3.247500
262.697500 3.247500
262.705000 3.247500
262.712500 3.240000
262.720000 3.240000
262.727500 3.240000
262.735000 3.232500
262.742500 3.232500
262.750000 3.232500
262.757500 3.225000
262.765000 3.225000
262.772500 3.225000
262.780000 3.217500
262.787500 3.217500
262.795000 3.210000
262.802500 3.210000
262.810000 3.202500
262.817500 3.202500
262.825000 3.202500
262.832500 3.195000
262.840000 3.195000
262.847500 3.187500
262.855000 3.187500
262.862500 3.180000
262.870000 3.180000
262.877500 3.172500
262.885000 3.172500
262.892500 3.172500
262.900000 3.165000
262.907500 3.165000
262.915000 3.157500
262.922500 3.157500
262.930000 3.150000
262.937500 3.150000
262.945000 3.142500
262.952500 3.142500
262.960000 3.142500
262.967500 3.135000
262.975000 3.135000
262.982500 3.127500
262.990000 3.127500
262.997500 3.120000
263.005000 3.120000
263.012500 3.120000
263.020000 3.120000
263.027500 3.112500
263.035000 3.112500
263.042500 3.112500
263.050000 3.112500
263.057500 3.112500
263.065000 3.105000
263.072500 3.105000
263.080000 3.105000
263.087500 3.105000
263.095000 3.105000
263.102500 3.105000
263.110000 3.105000
263.117500 3.097500
263.125000 3.097500
263.132500 3.097500
263.140000 3.097500
263.147500 3.090000
263.155000 3.090000
263.162500 3.090000
263.170000 3.090000
263.177500 3.090000
263.185000 3.082500
263.192500 3.082500
263.200000 3.082500
263.207500 3.082500
263.215000 3.082500
263.222500 3.075000
263.230000 3.075000
263.237500 3.075000
263.245000 3.075000
263.252500 3.075000
263.260000 3.075000
263.267500 3.067500
263.275000 3.067500
263.282500 3.067500
263.290000 3.067500
263.297500 3.067500
263.305000 3.060000
263.312500 3.060000
263.320000 3.060000
263.327500 3.060000
263.335000 3.060000
263.342500 3.060000
263.350000 3.052500
263.357500 3.052500
263.365000 3.052500
263.372500 3.052500
263.380000 3.052500
263.387500 3.052500
263.395000 3.045000
263.402500 3.045000
263.410000 3.045000
263.417500 3.045000
263.425000 3.045000
263.432500 3.037500
263.440000 3.037500
263.447500 3.037500
263.455000 3.037500
263.462500 3.030000
263.470000 3.030000
263.477500 3.030000
263.485000 3.030000
263.492500 3.030000
263.500000 3.022500
263.507500 3.022500
263.515000 3.022500
263.522500 3.022500
263.530000 3.022500
263.537500 3.022500
263.545000 3.022500
263.552500 3.015000
263.560000 3.015000
263.567500 3.015000
263.575000 3.007500
263.582500 3.007500
263.590000 3.007500
263.597500 3.007500
263.605000 3.007500
263.612500 3.007500
263.620000 3.000000
263.627500 3.000000
263.635000 3.000000
263.642500 3.000000
263.650000 2.992500
263.657500 2.992500
263.665000 2.992500
263.672500 2.985000
263.680000 2.985000
263.687500 2.977500
263.695000 2.977500
263.702500 2.977500
263.710000 2.977500
263.717500 2.977500
263.725000 2.977500
263.732500 2.977500
263.740000 2.977500
263.747500 2.977500
263.755000 2.977500
263.762500 2.970000
263.770000 2.970000
263.777500 2.962500
263.785000 2.962500
263.792500 2.962500
263.800000 2.962500
263.807500 2.962500
263.815000 2.962500
263.822500 2.962500
263.830000 2.955000
263.837500 2.947500
263.845000 2.940000
263.852500 2.940000
263.860000 2.940000
263.867500 2.932500
263.875000 2.925000
263.882500 2.917500
263.890000 2.910000
263.897500 2.910000
263.905000 2.910000
263.912500 2.910000
263.920000 2.910000
263.927500 2.902500
263.935000 2.902500
263.942500 2.902500
263.950000 2.902500
263.957500 2.895000
263.965000 2.895000
263.972500 2.895000
263.980000 2.895000
263.987500 2.895000
263.995000 2.887500
264.002500 2.887500
264.010000 2.887500
264.017500 2.887500
264.025000 2.880000
264.032500 2.880000
264.040000 2.880000
264.047500 2.880000
264.055000 2.880000
264.062500 2.872500
264.070000 2.872500
264.077500 2.872500
264.085000 2.872500
264.092500 2.872500
264.100000 2.865000
264.107500 2.865000
264.115000 2.865000
264.122500 2.865000
264.130000 2.865000
264.137500 2.865000
264.145000 2.857500
264.152500 2.857500
264.160000 2.857500
264.167500 2.857500
264.175000 2.857500
264.182500 2.850000
264.190000 2.850000
264.197500 2.850000
264.205000 2.850000
264.212500 2.850000
264.220000 2.850000
264.227500 2.842500
264.235000 2.842500
264.242500 2.842500
264.250000 2.842500
264.257500 2.835000
264.265000 2.835000
264.272500 2.835000
264.280000 2.835000
264.287500 2.835000
264.295000 2.835000
264.302500 2.835000
264.310000 2.835000
264.317500 2.835000
264.325000 2.835000
264.332500 2.835000
264.340000 2.835000
264.347500 2.827500
264.355000 2.827500
264.362500 2.827500
264.370000 2.827500
264.377500 2.827500
264.385000 2.827500
264.392500 2.827500
264.400000 2.827500
264.407500 2.820000
264.415000 2.812500
264.422500 2.812500
264.430000 2.805000
264.437500 2.797500
264.445000 2.797500
264.452500 2.797500
264.460000 2.790000
264.467500 2.790000
264.475000 2.782500
264.482500 2.782500
264.490000 2.775000
264.497500 2.775000
264.505000 2.775000
264.512500 2.767500
264.520000 2.767500
264.527500 2.767500
264.535000 2.767500
264.542500 2.767500
264.550000 2.760000
264.557500 2.752500
264.565000 2.752500
264.572500 2.752500
264.580000 2.745000
264.587500 2.737500
264.595000 2.737500
264.602500 2.737500
264.610000 2.737500
264.617500 2.730000
264.625000 2.722500
264.632500 2.722500
264.640000 2.722500
264.647500 2.715000
264.655000 2.707500
264.662500 2.707500
264.670000 2.707500
264.677500 2.707500
264.685000 2.707500
264.692500 2.700000
264.700000 2.700000
264.707500 2.700000
264.715000 2.700000
264.722500 2.692500
264.730000 2.685000
264.737500 2.677500
264.745000 2.677500
264.752500 2.677500
264.760000 2.670000
264.767500 2.670000
264.775000 2.670000
264.782500 2.670000
264.790000 2.670000
264.797500 2.670000
264.805000 2.662500
264.812500 2.655000
264.820000 2.655000
264.827500 2.655000
264.835000 2.655000
264.842500 2.655000
264.850000 2.655000
264.857500 2.655000
264.865000 2.655000
264.872500 2.647500
264.880000 2.647500
264.887500 2.647500
264.895000 2.647500
264.902500 2.640000
264.910000 2.640000
264.917500 2.640000
264.925000 2.640000
264.932500 2.632500
264.940000 2.625000
264.947500 2.617500
264.955000 2.602500
264.962500 2.595000
264.970000 2.595000
264.977500 2.587500
264.985000 2.587500
264.992500 2.587500
