244790.270000 5634799.190000
1471.000000 2.000000
1471.000000 160.000000
100.000000 15.240000
100.030000 15.240000
100.060000 15.240000
100.090000 15.240000
100.120000 15.240000
100.150000 15.240000
100.180000 15.240000
100.210000 15.240000
100.240000 15.240000
100.270000 15.240000
100.300000 15.240000
100.330000 15.240000
100.360000 15.240000
100.390000 15.240000
100.420000 15.210000
100.450000 15.240000
100.480000 15.240000
100.510000 15.240000
100.540000 15.240000
100.570000 15.240000
100.600000 15.240000
100.630000 15.240000
100.660000 15.270000
100.690000 15.270000
100.720000 15.300000
100.750000 15.300000
100.780000 15.300000
100.810000 15.300000
100.840000 15.300000
100.870000 15.300000
100.900000 15.300000
100.930000 15.300000
100.960000 15.330000
100.990000 15.360000
101.020000 15.360000
101.050000 15.390000
101.080000 15.420000
101.110000 15.420000
101.140000 15.450000
101.170000 15.450000
101.200000 15.450000
101.230000 15.480000
101.260000 15.510000
101.290000 15.540000
101.320000 15.540000
101.350000 15.570000
101.380000 15.570000
101.410000 15.600000
101.440000 15.630000
101.470000 15.630000
101.500000 15.630000
101.530000 15.660000
101.560000 15.660000
101.590000 15.660000
101.620000 15.660000
101.650000 15.630000
101.680000 15.630000
101.710000 15.630000
101.740000 15.630000
101.770000 15.630000
101.800000 15.630000
101.830000 15.630000
101.860000 15.660000
101.890000 15.690000
101.920000 15.690000
101.950000 15.720000
101.980000 15.720000
102.010000 15.720000
102.040000 15.720000
102.070000 15.720000
102.100000 15.750000
102.130000 15.720000
102.160000 15.720000
102.190000 15.720000
102.220000 15.750000
102.250000 15.750000
102.280000 15.750000
102.310000 15.750000
102.340000 15.780000
102.370000 15.780000
102.400000 15.810000
102.430000 15.810000
102.460000 15.840000
102.490000 15.840000
102.520000 15.870000
102.550000 15.870000
102.580000 15.900000
102.610000 15.900000
102.640000 15.930000
102.670000 15.930000
102.700000 15.960000
102.730000 15.990000
102.760000 15.990000
102.790000 16.020000
102.820000 16.020000
102.850000 16.050000
102.880000 16.050000
102.910000 16.080000
102.940000 16.080000
102.970000 16.080000
103.000000 16.080000
103.030000 16.110000
103.060000 16.140000
103.090000 16.140000
103.120000 16.140000
103.150000 16.170000
103.180000 16.170000
103.210000 16.200000
103.240000 16.200000
103.270000 16.230000
103.300000 16.230000
103.330000 16.260000
103.360000 16.230000
103.390000 16.260000
103.420000 16.260000
103.450000 16.260000
103.480000 16.260000
103.510000 16.290000
103.540000 16.320000
103.570000 16.350000
103.600000 16.350000
103.630000 16.350000
103.660000 16.380000
103.690000 16.380000
103.720000 16.380000
103.750000 16.380000
103.780000 16.410000
103.810000 16.440000
103.840000 16.470000
103.870000 16.470000
103.900000 16.500000
103.930000 16.530000
103.960000 16.530000
103.990000 16.530000
104.020000 16.560000
104.050000 16.530000
104.080000 16.560000
104.110000 16.560000
104.140000 16.560000
104.170000 16.590000
104.200000 16.590000
104.230000 16.620000
104.260000 16.620000
104.290000 16.650000
104.320000 16.650000
104.350000 16.650000
104.380000 16.680000
104.410000 16.680000
104.440000 16.680000
104.470000 16.680000
104.500000 16.680000
104.530000 16.710000
104.560000 16.710000
104.590000 16.740000
104.620000 16.740000
104.650000 16.740000
104.680000 16.770000
104.710000 16.770000
104.740000 16.770000
104.770000 16.770000
104.800000 16.770000
104.830000 16.770000
104.860000 16.770000
104.890000 16.800000
104.920000 16.800000
104.950000 16.800000
104.980000 16.800000
105.010000 16.800000
105.040000 16.830000
105.070000 16.830000
105.100000 16.830000
105.130000 16.830000
105.160000 16.800000
105.190000 16.800000
105.220000 16.800000
105.250000 16.800000
105.280000 16.800000
105.310000 16.770000
105.340000 16.770000
105.370000 16.770000
105.400000 16.740000
105.430000 16.710000
105.460000 16.710000
105.490000 16.710000
105.520000 16.680000
105.550000 16.680000
105.580000 16.680000
105.610000 16.680000
105.640000 16.680000
105.670000 16.680000
105.700000 16.680000
105.730000 16.680000
105.760000 16.680000
105.790000 16.680000
105.820000 16.680000
105.850000 16.650000
105.880000 16.650000
105.910000 16.620000
105.940000 16.620000
105.970000 16.620000
106.000000 16.590000
106.030000 16.560000
106.060000 16.530000
106.090000 16.530000
106.120000 16.530000
106.150000 16.560000
106.180000 16.590000
106.210000 16.590000
106.240000 16.620000
106.270000 16.650000
106.300000 16.680000
106.330000 16.710000
106.360000 16.710000
106.390000 16.740000
106.420000 16.740000
106.450000 16.740000
106.480000 16.740000
106.510000 16.770000
106.540000 16.800000
106.570000 16.800000
106.600000 16.830000
106.630000 16.860000
106.660000 16.860000
106.690000 16.890000
106.720000 16.890000
106.750000 16.890000
106.780000 16.890000
106.810000 16.890000
106.840000 16.890000
106.870000 16.920000
106.900000 16.920000
106.930000 16.920000
106.960000 16.950000
106.990000 16.950000
107.020000 16.950000
107.050000 16.980000
107.080000 16.980000
107.110000 16.980000
107.140000 16.980000
107.170000 16.980000
107.200000 17.010000
107.230000 17.010000
107.260000 17.010000
107.290000 17.010000
107.320000 17.010000
107.350000 17.010000
107.380000 17.040000
107.410000 17.040000
107.440000 17.040000
107.470000 17.040000
107.500000 17.040000
107.530000 17.070000
107.560000 17.070000
107.590000 17.070000
107.620000 17.100000
107.650000 17.100000
107.680000 17.100000
107.710000 17.130000
107.740000 17.130000
107.770000 17.130000
107.800000 17.160000
107.830000 17.160000
107.860000 17.160000
107.890000 17.160000
107.920000 17.160000
107.950000 17.190000
107.980000 17.190000
108.010000 17.190000
108.040000 17.220000
108.070000 17.250000
108.100000 17.250000
108.130000 17.280000
108.160000 17.280000
108.190000 17.310000
108.220000 17.310000
108.250000 17.310000
108.280000 17.340000
108.310000 17.340000
108.340000 17.340000
108.370000 17.370000
108.400000 17.400000
108.430000 17.400000
108.460000 17.430000
108.490000 17.430000
108.520000 17.430000
108.550000 17.460000
108.580000 17.460000
108.610000 17.490000
108.640000 17.490000
108.670000 17.520000
108.700000 17.520000
108.730000 17.520000
108.760000 17.550000
108.790000 17.550000
108.820000 17.550000
108.850000 17.580000
108.880000 17.580000
108.910000 17.610000
108.940000 17.610000
108.970000 17.610000
109.000000 17.640000
109.030000 17.640000
109.060000 17.670000
109.090000 17.670000
109.120000 17.670000
109.150000 17.700000
109.180000 17.700000
109.210000 17.700000
109.240000 17.700000
109.270000 17.730000
109.300000 17.730000
109.330000 17.730000
109.360000 17.760000
109.390000 17.760000
109.420000 17.760000
109.450000 17.790000
109.480000 17.790000
109.510000 17.820000
109.540000 17.820000
109.570000 17.820000
109.600000 17.850000
109.630000 17.850000
109.660000 17.850000
109.690000 17.880000
109.720000 17.880000
109.750000 17.910000
109.780000 17.910000
109.810000 17.940000
109.840000 17.940000
109.870000 17.940000
109.900000 17.970000
109.930000 17.970000
109.960000 17.970000
109.990000 18.000000
110.020000 18.000000
110.050000 18.030000
110.080000 18.030000
110.110000 18.030000
110.140000 18.030000
110.170000 18.060000
110.200000 18.060000
110.230000 18.060000
110.260000 18.090000
110.290000 18.090000
110.320000 18.090000
110.350000 18.120000
110.380000 18.120000
110.410000 18.150000
110.440000 18.150000
110.470000 18.180000
110.500000 18.180000
110.530000 18.210000
110.560000 18.240000
110.590000 18.240000
110.620000 18.240000
110.650000 18.270000
110.680000 18.270000
110.710000 18.270000
110.740000 18.300000
110.770000 18.300000
110.800000 18.300000
110.830000 18.330000
110.860000 18.360000
110.890000 18.360000
110.920000 18.360000
110.950000 18.360000
110.980000 18.390000
111.010000 18.390000
111.040000 18.390000
111.070000 18.390000
111.100000 18.390000
111.130000 18.420000
111.160000 18.420000
111.190000 18.420000
111.220000 18.450000
111.250000 18.450000
111.280000 18.450000
111.310000 18.450000
111.340000 18.450000
111.370000 18.480000
111.400000 18.480000
111.430000 18.480000
111.460000 18.480000
111.490000 18.510000
111.520000 18.510000
111.550000 18.540000
111.580000 18.540000
111.610000 18.540000
111.640000 18.540000
111.670000 18.540000
111.700000 18.570000
111.730000 18.570000
111.760000 18.570000
111.790000 18.570000
111.820000 18.570000
111.850000 18.570000
111.880000 18.600000
111.910000 18.600000
111.940000 18.600000
111.970000 18.630000
112.000000 18.630000
112.030000 18.630000
112.060000 18.660000
112.090000 18.660000
112.120000 18.660000
112.150000 18.690000
112.180000 18.690000
112.210000 18.690000
112.240000 18.720000
112.270000 18.720000
112.300000 18.720000
112.330000 18.750000
112.360000 18.750000
112.390000 18.750000
112.420000 18.780000
112.450000 18.780000
112.480000 18.780000
112.510000 18.810000
112.540000 18.810000
112.570000 18.810000
112.600000 18.840000
112.630000 18.840000
112.660000 18.870000
112.690000 18.870000
112.720000 18.870000
112.750000 18.900000
112.780000 18.900000
112.810000 18.900000
112.840000 18.930000
112.870000 18.930000
112.900000 18.930000
112.930000 18.960000
112.960000 18.960000
112.990000 18.960000
113.020000 18.990000
113.050000 18.990000
113.080000 18.990000
113.110000 19.020000
113.140000 19.020000
113.170000 19.020000
113.200000 19.050000
113.230000 19.050000
113.260000 19.080000
113.290000 19.110000
113.320000 19.110000
113.350000 19.110000
113.380000 19.140000
113.410000 19.140000
113.440000 19.140000
113.470000 19.140000
113.500000 19.170000
113.530000 19.170000
113.560000 19.200000
113.590000 19.200000
113.620000 19.200000
113.650000 19.230000
113.680000 19.230000
113.710000 19.230000
113.740000 19.260000
113.770000 19.260000
113.800000 19.290000
113.830000 19.320000
113.860000 19.320000
113.890000 19.320000
113.920000 19.320000
113.950000 19.320000
113.980000 19.320000
114.010000 19.350000
114.040000 19.350000
114.070000 19.380000
114.100000 19.380000
114.130000 19.410000
114.160000 19.410000
114.190000 19.440000
114.220000 19.440000
114.250000 19.470000
114.280000 19.470000
114.310000 19.500000
114.340000 19.500000
114.370000 19.530000
114.400000 19.530000
114.430000 19.560000
114.460000 19.590000
114.490000 19.590000
114.520000 19.620000
114.550000 19.620000
114.580000 19.620000
114.610000 19.620000
114.640000 19.650000
114.670000 19.680000
114.700000 19.680000
114.730000 19.710000
114.760000 19.710000
114.790000 19.710000
114.820000 19.710000
114.850000 19.740000
114.880000 19.740000
114.910000 19.740000
114.940000 19.740000
114.970000 19.770000
115.000000 19.770000
115.030000 19.770000
115.060000 19.800000
115.090000 19.800000
115.120000 19.830000
115.150000 19.830000
115.180000 19.860000
115.210000 19.860000
115.240000 19.890000
115.270000 19.890000
115.300000 19.920000
115.330000 19.920000
115.360000 19.950000
115.390000 19.950000
115.420000 19.980000
115.450000 20.010000
115.480000 20.010000
115.510000 20.010000
115.540000 20.010000
115.570000 20.040000
115.600000 20.040000
115.630000 20.070000
115.660000 20.070000
115.690000 20.070000
115.720000 20.100000
115.750000 20.100000
115.780000 20.100000
115.810000 20.130000
115.840000 20.130000
115.870000 20.130000
115.900000 20.160000
115.930000 20.160000
115.960000 20.160000
115.990000 20.190000
116.020000 20.220000
116.050000 20.220000
116.080000 20.220000
116.110000 20.220000
116.140000 20.250000
116.170000 20.250000
116.200000 20.250000
116.230000 20.280000
116.260000 20.280000
116.290000 20.280000
116.320000 20.280000
116.350000 20.310000
116.380000 20.310000
116.410000 20.310000
116.440000 20.340000
116.470000 20.340000
116.500000 20.370000
116.530000 20.370000
116.560000 20.370000
116.590000 20.400000
116.620000 20.400000
116.650000 20.430000
116.680000 20.430000
116.710000 20.460000
116.740000 20.460000
116.770000 20.490000
116.800000 20.490000
116.830000 20.490000
116.860000 20.520000
116.890000 20.520000
116.920000 20.550000
116.950000 20.550000
116.980000 20.550000
117.010000 20.580000
117.040000 20.580000
117.070000 20.610000
117.100000 20.640000
117.130000 20.640000
117.160000 20.670000
117.190000 20.700000
117.220000 20.730000
117.250000 20.730000
117.280000 20.760000
117.310000 20.760000
117.340000 20.790000
117.370000 20.790000
117.400000 20.790000
117.430000 20.820000
117.460000 20.820000
117.490000 20.850000
117.520000 20.850000
117.550000 20.850000
117.580000 20.880000
117.610000 20.880000
117.640000 20.880000
117.670000 20.880000
117.700000 20.910000
117.730000 20.910000
117.760000 20.910000
117.790000 20.910000
117.820000 20.940000
117.850000 20.940000
117.880000 20.940000
117.910000 20.940000
117.940000 20.970000
117.970000 20.970000
118.000000 20.970000
118.030000 20.970000
118.060000 20.970000
118.090000 21.000000
118.120000 21.000000
118.150000 21.000000
118.180000 21.000000
118.210000 21.030000
118.240000 21.030000
118.270000 21.030000
118.300000 21.030000
118.330000 21.030000
118.360000 21.030000
118.390000 21.060000
118.420000 21.060000
118.450000 21.060000
118.480000 21.060000
118.510000 21.060000
118.540000 21.090000
118.570000 21.090000
118.600000 21.090000
118.630000 21.090000
118.660000 21.090000
118.690000 21.120000
118.720000 21.120000
118.750000 21.120000
118.780000 21.150000
118.810000 21.150000
118.840000 21.150000
118.870000 21.180000
118.900000 21.180000
118.930000 21.210000
118.960000 21.210000
118.990000 21.240000
119.020000 21.240000
119.050000 21.270000
119.080000 21.300000
119.110000 21.300000
119.140000 21.330000
119.170000 21.330000
119.200000 21.330000
119.230000 21.360000
119.260000 21.390000
119.290000 21.390000
119.320000 21.390000
119.350000 21.390000
119.380000 21.390000
119.410000 21.390000
119.440000 21.390000
119.470000 21.390000
119.500000 21.390000
119.530000 21.420000
119.560000 21.420000
119.590000 21.420000
119.620000 21.390000
119.650000 21.390000
119.680000 21.360000
119.710000 21.360000
119.740000 21.360000
119.770000 21.360000
119.800000 21.390000
119.830000 21.390000
119.860000 21.360000
119.890000 21.390000
119.920000 21.390000
119.950000 21.390000
119.980000 21.390000
120.010000 21.390000
120.040000 21.420000
120.070000 21.420000
120.100000 21.450000
120.130000 21.450000
120.160000 21.450000
120.190000 21.450000
120.220000 21.480000
120.250000 21.480000
120.280000 21.510000
120.310000 21.510000
120.340000 21.510000
120.370000 21.540000
120.400000 21.540000
120.430000 21.540000
120.460000 21.570000
120.490000 21.570000
120.520000 21.600000
120.550000 21.600000
120.580000 21.600000
120.610000 21.600000
120.640000 21.600000
120.670000 21.600000
120.700000 21.600000
120.730000 21.600000
120.760000 21.600000
120.790000 21.600000
120.820000 21.600000
120.850000 21.630000
120.880000 21.630000
120.910000 21.630000
120.940000 21.660000
120.970000 21.690000
121.000000 21.690000
121.030000 21.720000
121.060000 21.750000
121.090000 21.750000
121.120000 21.750000
121.150000 21.780000
121.180000 21.840000
121.210000 21.840000
121.240000 21.870000
121.270000 21.870000
121.300000 21.870000
121.330000 21.870000
121.360000 21.900000
121.390000 21.900000
121.420000 21.900000
121.450000 21.900000
121.480000 21.900000
121.510000 21.930000
121.540000 21.930000
121.570000 21.930000
121.600000 21.930000
121.630000 21.930000
121.660000 21.960000
121.690000 21.960000
121.720000 21.960000
121.750000 21.990000
121.780000 21.990000
121.810000 22.020000
121.840000 22.020000
121.870000 22.050000
121.900000 22.080000
121.930000 22.080000
121.960000 22.110000
121.990000 22.110000
122.020000 22.110000
122.050000 22.110000
122.080000 22.080000
122.110000 22.110000
122.140000 22.110000
122.170000 22.110000
122.200000 22.140000
122.230000 22.140000
122.260000 22.140000
122.290000 22.140000
122.320000 22.140000
122.350000 22.140000
122.380000 22.140000
122.410000 22.140000
122.440000 22.110000
122.470000 22.110000
122.500000 22.110000
122.530000 22.110000
122.560000 22.110000
122.590000 22.080000
122.620000 22.080000
122.650000 22.050000
122.680000 22.080000
122.710000 22.080000
122.740000 22.080000
122.770000 22.080000
122.800000 22.080000
122.830000 22.080000
122.860000 22.050000
122.890000 22.050000
122.920000 22.050000
122.950000 22.080000
122.980000 22.080000
123.010000 22.080000
123.040000 22.110000
123.070000 22.110000
123.100000 22.110000
123.130000 22.110000
123.160000 22.110000
123.190000 22.110000
123.220000 22.110000
123.250000 22.110000
123.280000 22.140000
123.310000 22.110000
123.340000 22.110000
123.370000 22.110000
123.400000 22.110000
123.430000 22.050000
123.460000 22.050000
123.490000 22.080000
123.520000 22.050000
123.550000 22.050000
123.580000 22.050000
123.610000 22.050000
123.640000 22.020000
123.670000 22.020000
123.700000 22.020000
123.730000 21.990000
123.760000 21.990000
123.790000 21.960000
123.820000 21.930000
123.850000 21.900000
123.880000 21.840000
123.910000 21.810000
123.940000 21.750000
123.970000 21.720000
124.000000 21.720000
124.030000 21.690000
124.060000 21.630000
124.090000 21.570000
124.120000 21.510000
124.150000 21.480000
124.180000 21.420000
124.210000 21.390000
124.240000 21.390000
124.270000 21.390000
124.300000 21.390000
124.330000 21.390000
124.360000 21.390000
124.390000 21.390000
124.420000 21.390000
124.450000 21.390000
124.480000 21.390000
124.510000 21.390000
124.540000 21.390000
124.570000 21.390000
124.600000 21.390000
124.630000 21.390000
124.660000 21.390000
124.690000 21.390000
124.720000 21.390000
124.750000 21.390000
124.780000 21.390000
124.810000 21.390000
124.840000 21.390000
124.870000 21.390000
124.900000 21.390000
124.930000 21.390000
124.960000 21.390000
124.990000 21.390000
125.020000 21.390000
125.050000 21.390000
125.080000 21.390000
125.110000 21.390000
125.140000 21.390000
125.170000 21.390000
125.200000 21.390000
125.230000 21.390000
125.260000 21.390000
125.290000 21.390000
125.320000 21.360000
125.350000 21.360000
125.380000 21.360000
125.410000 21.360000
125.440000 21.360000
125.470000 21.360000
125.500000 21.360000
125.530000 21.360000
125.560000 21.360000
125.590000 21.360000
125.620000 21.360000
125.650000 21.360000
125.680000 21.360000
125.710000 21.360000
125.740000 21.360000
125.770000 21.360000
125.800000 21.330000
125.830000 21.330000
125.860000 21.330000
125.890000 21.330000
125.920000 21.330000
125.950000 21.330000
125.980000 21.330000
126.010000 21.330000
126.040000 21.330000
126.070000 21.330000
126.100000 21.330000
126.130000 21.330000
126.160000 21.330000
126.190000 21.360000
126.220000 21.360000
126.250000 21.360000
126.280000 21.360000
126.310000 21.360000
126.340000 21.360000
126.370000 21.360000
126.400000 21.360000
126.430000 21.360000
126.460000 21.390000
126.490000 21.390000
126.520000 21.390000
126.550000 21.390000
126.580000 21.390000
126.610000 21.390000
126.640000 21.390000
126.670000 21.390000
126.700000 21.420000
126.730000 21.420000
126.760000 21.420000
126.790000 21.420000
126.820000 21.450000
126.850000 21.450000
126.880000 21.450000
126.910000 21.450000
126.940000 21.450000
126.970000 21.480000
127.000000 21.480000
127.030000 21.480000
127.060000 21.480000
127.090000 21.480000
127.120000 21.480000
127.150000 21.480000
127.180000 21.480000
127.210000 21.480000
127.240000 21.480000
127.270000 21.510000
127.300000 21.510000
127.330000 21.510000
127.360000 21.510000
127.390000 21.510000
127.420000 21.540000
127.450000 21.540000
127.480000 21.540000
127.510000 21.540000
127.540000 21.540000
127.570000 21.570000
127.600000 21.570000
127.630000 21.570000
127.660000 21.570000
127.690000 21.570000
127.720000 21.600000
127.750000 21.600000
127.780000 21.600000
127.810000 21.600000
127.840000 21.630000
127.870000 21.630000
127.900000 21.630000
127.930000 21.630000
127.960000 21.660000
127.990000 21.660000
128.020000 21.660000
128.050000 21.660000
128.080000 21.660000
128.110000 21.660000
128.140000 21.690000
128.170000 21.690000
128.200000 21.690000
128.230000 21.690000
128.260000 21.690000
128.290000 21.690000
128.320000 21.690000
128.350000 21.720000
128.380000 21.720000
128.410000 21.720000
128.440000 21.720000
128.470000 21.720000
128.500000 21.750000
128.530000 21.750000
128.560000 21.750000
128.590000 21.780000
128.620000 21.780000
128.650000 21.810000
128.680000 21.810000
128.710000 21.810000
128.740000 21.810000
128.770000 21.840000
128.800000 21.840000
128.830000 21.840000
128.860000 21.870000
128.890000 21.870000
128.920000 21.870000
128.950000 21.870000
128.980000 21.900000
129.010000 21.900000
129.040000 21.900000
129.070000 21.900000
129.100000 21.930000
129.130000 21.930000
129.160000 21.930000
129.190000 21.960000
129.220000 21.960000
129.250000 21.960000
129.280000 21.960000
129.310000 21.990000
129.340000 21.990000
129.370000 21.990000
129.400000 21.990000
129.430000 21.990000
129.460000 22.020000
129.490000 22.020000
129.520000 22.020000
129.550000 22.020000
129.580000 22.020000
129.610000 22.020000
129.640000 22.050000
129.670000 22.050000
129.700000 22.080000
129.730000 22.080000
129.760000 22.110000
129.790000 22.110000
129.820000 22.140000
129.850000 22.140000
129.880000 22.140000
129.910000 22.170000
129.940000 22.170000
129.970000 22.200000
130.000000 22.200000
130.030000 22.230000
130.060000 22.230000
130.090000 22.230000
130.120000 22.260000
130.150000 22.260000
130.180000 22.290000
130.210000 22.290000
130.240000 22.320000
130.270000 22.320000
130.300000 22.350000
130.330000 22.350000
130.360000 22.380000
130.390000 22.380000
130.420000 22.410000
130.450000 22.410000
130.480000 22.440000
130.510000 22.440000
130.540000 22.440000
130.570000 22.470000
130.600000 22.470000
130.630000 22.500000
130.660000 22.500000
130.690000 22.530000
130.720000 22.530000
130.750000 22.530000
130.780000 22.560000
130.810000 22.560000
130.840000 22.560000
130.870000 22.590000
130.900000 22.590000
130.930000 22.590000
130.960000 22.620000
130.990000 22.620000
131.020000 22.650000
131.050000 22.650000
131.080000 22.650000
131.110000 22.680000
131.140000 22.680000
131.170000 22.710000
131.200000 22.710000
131.230000 22.740000
131.260000 22.740000
131.290000 22.740000
131.320000 22.770000
131.350000 22.770000
131.380000 22.800000
131.410000 22.800000
131.440000 22.830000
131.470000 22.860000
131.500000 22.860000
131.530000 22.890000
131.560000 22.890000
131.590000 22.920000
131.620000 22.920000
131.650000 22.920000
131.680000 22.920000
131.710000 22.950000
131.740000 22.980000
131.770000 22.980000
131.800000 23.010000
131.830000 23.010000
131.860000 23.040000
131.890000 23.040000
131.920000 23.070000
131.950000 23.070000
131.980000 23.070000
132.010000 23.100000
132.040000 23.130000
132.070000 23.130000
132.100000 23.160000
132.130000 23.190000
132.160000 23.190000
132.190000 23.220000
132.220000 23.220000
132.250000 23.250000
132.280000 23.250000
132.310000 23.280000
132.340000 23.310000
132.370000 23.310000
132.400000 23.310000
132.430000 23.340000
132.460000 23.340000
132.490000 23.370000
132.520000 23.370000
132.550000 23.400000
132.580000 23.430000
132.610000 23.430000
132.640000 23.430000
132.670000 23.460000
132.700000 23.460000
132.730000 23.490000
132.760000 23.490000
132.790000 23.520000
132.820000 23.520000
132.850000 23.550000
132.880000 23.550000
132.910000 23.550000
132.940000 23.550000
132.970000 23.550000
133.000000 23.550000
133.030000 23.550000
133.060000 23.550000
133.090000 23.520000
133.120000 23.550000
133.150000 23.520000
133.180000 23.520000
133.210000 23.520000
133.240000 23.520000
133.270000 23.490000
133.300000 23.490000
133.330000 23.490000
133.360000 23.490000
133.390000 23.520000
133.420000 23.550000
133.450000 23.580000
133.480000 23.610000
133.510000 23.610000
133.540000 23.610000
133.570000 23.640000
133.600000 23.640000
133.630000 23.670000
133.660000 23.670000
133.690000 23.670000
133.720000 23.700000
133.750000 23.700000
133.780000 23.730000
133.810000 23.730000
133.840000 23.730000
133.870000 23.730000
133.900000 23.760000
133.930000 23.760000
133.960000 23.790000
133.990000 23.790000
134.020000 23.820000
134.050000 23.820000
134.080000 23.820000
134.110000 23.820000
134.140000 23.850000
134.170000 23.850000
134.200000 23.850000
134.230000 23.880000
134.260000 23.880000
134.290000 23.910000
134.320000 23.910000
134.350000 23.910000
134.380000 23.940000
134.410000 23.970000
134.440000 23.970000
134.470000 23.970000
134.500000 24.000000
134.530000 24.000000
134.560000 24.000000
134.590000 24.030000
134.620000 24.030000
134.650000 24.030000
134.680000 24.060000
134.710000 24.060000
134.740000 24.060000
134.770000 24.060000
134.800000 24.060000
134.830000 24.060000
134.860000 24.060000
134.890000 24.090000
134.920000 24.090000
134.950000 24.090000
134.980000 24.090000
135.010000 24.090000
135.040000 24.090000
135.070000 24.090000
135.100000 24.090000
135.130000 24.090000
135.160000 24.090000
135.190000 24.090000
135.220000 24.120000
135.250000 24.120000
135.280000 24.120000
135.310000 24.150000
135.340000 24.150000
135.370000 24.180000
135.400000 24.180000
135.430000 24.180000
135.460000 24.180000
135.490000 24.180000
135.520000 24.210000
135.550000 24.210000
135.580000 24.240000
135.610000 24.240000
135.640000 24.240000
135.670000 24.240000
135.700000 24.240000
135.730000 24.240000
135.760000 24.240000
135.790000 24.240000
135.820000 24.270000
135.850000 24.270000
135.880000 24.270000
135.910000 24.300000
135.940000 24.300000
135.970000 24.330000
136.000000 24.330000
136.030000 24.360000
136.060000 24.360000
136.090000 24.390000
136.120000 24.390000
136.150000 24.390000
136.180000 24.390000
136.210000 24.420000
136.240000 24.420000
136.270000 24.420000
136.300000 24.450000
136.330000 24.450000
136.360000 24.480000
136.390000 24.480000
136.420000 24.480000
136.450000 24.480000
136.480000 24.480000
136.510000 24.480000
136.540000 24.510000
136.570000 24.510000
136.600000 24.510000
136.630000 24.540000
136.660000 24.540000
136.690000 24.510000
136.720000 24.540000
136.750000 24.540000
136.780000 24.540000
136.810000 24.540000
136.840000 24.540000
136.870000 24.570000
136.900000 24.570000
136.930000 24.570000
136.960000 24.570000
136.990000 24.570000
137.020000 24.600000
137.050000 24.600000
137.080000 24.600000
137.110000 24.600000
137.140000 24.630000
137.170000 24.630000
137.200000 24.630000
137.230000 24.630000
137.260000 24.630000
137.290000 24.660000
137.320000 24.660000
137.350000 24.690000
137.380000 24.690000
137.410000 24.690000
137.440000 24.690000
137.470000 24.690000
137.500000 24.720000
137.530000 24.720000
137.560000 24.720000
137.590000 24.720000
137.620000 24.720000
137.650000 24.720000
137.680000 24.690000
137.710000 24.690000
137.740000 24.690000
137.770000 24.690000
137.800000 24.690000
137.830000 24.690000
137.860000 24.660000
137.890000 24.660000
137.920000 24.660000
137.950000 24.660000
137.980000 24.630000
138.010000 24.630000
138.040000 24.630000
138.070000 24.600000
138.100000 24.600000
138.130000 24.600000
138.160000 24.600000
138.190000 24.600000
138.220000 24.600000
138.250000 24.600000
138.280000 24.600000
138.310000 24.600000
138.340000 24.570000
138.370000 24.570000
138.400000 24.570000
138.430000 24.570000
138.460000 24.570000
138.490000 24.570000
138.520000 24.600000
138.550000 24.570000
138.580000 24.570000
138.610000 24.570000
138.640000 24.570000
138.670000 24.570000
138.700000 24.540000
138.730000 24.540000
138.760000 24.510000
138.790000 24.510000
138.820000 24.480000
138.850000 24.480000
138.880000 24.450000
138.910000 24.450000
138.940000 24.450000
138.970000 24.420000
139.000000 24.420000
139.030000 24.420000
139.060000 24.390000
139.090000 24.390000
139.120000 24.360000
139.150000 24.360000
139.180000 24.330000
139.210000 24.330000
139.240000 24.300000
139.270000 24.300000
139.300000 24.270000
139.330000 24.270000
139.360000 24.240000
139.390000 24.240000
139.420000 24.210000
139.450000 24.210000
139.480000 24.180000
139.510000 24.180000
139.540000 24.180000
139.570000 24.150000
139.600000 24.150000
139.630000 24.150000
139.660000 24.120000
139.690000 24.120000
139.720000 24.090000
139.750000 24.090000
139.780000 24.090000
139.810000 24.060000
139.840000 24.060000
139.870000 24.030000
139.900000 24.030000
139.930000 24.030000
139.960000 24.000000
139.990000 24.000000
140.020000 23.970000
140.050000 23.970000
140.080000 23.940000
140.110000 23.940000
140.140000 23.910000
140.170000 23.910000
140.200000 23.880000
140.230000 23.880000
140.260000 23.850000
140.290000 23.850000
140.320000 23.820000
140.350000 23.820000
140.380000 23.790000
140.410000 23.790000
140.440000 23.760000
140.470000 23.760000
140.500000 23.730000
140.530000 23.730000
140.560000 23.700000
140.590000 23.700000
140.620000 23.670000
140.650000 23.670000
140.680000 23.640000
140.710000 23.640000
140.740000 23.640000
140.770000 23.610000
140.800000 23.610000
140.830000 23.610000
140.860000 23.580000
140.890000 23.580000
140.920000 23.550000
140.950000 23.550000
140.980000 23.520000
141.010000 23.490000
141.040000 23.490000
141.070000 23.460000
141.100000 23.460000
141.130000 23.460000
141.160000 23.430000
141.190000 23.430000
141.220000 23.400000
141.250000 23.400000
141.280000 23.370000
141.310000 23.370000
141.340000 23.340000
141.370000 23.340000
141.400000 23.340000
141.430000 23.310000
141.460000 23.310000
141.490000 23.310000
141.520000 23.280000
141.550000 23.280000
141.580000 23.280000
141.610000 23.280000
141.640000 23.250000
141.670000 23.220000
141.700000 23.220000
141.730000 23.220000
141.760000 23.220000
141.790000 23.190000
141.820000 23.190000
141.850000 23.160000
141.880000 23.130000
141.910000 23.130000
141.940000 23.100000
141.970000 23.100000
142.000000 23.100000
142.030000 23.100000
142.060000 23.070000
142.090000 23.070000
142.120000 23.040000
142.150000 23.040000
142.180000 23.010000
142.210000 23.010000
142.240000 22.980000
142.270000 22.980000
142.300000 22.950000
142.330000 22.950000
142.360000 22.920000
142.390000 22.920000
142.420000 22.920000
142.450000 22.890000
142.480000 22.890000
142.510000 22.890000
142.540000 22.860000
142.570000 22.830000
142.600000 22.830000
142.630000 22.800000
142.660000 22.800000
142.690000 22.800000
142.720000 22.770000
142.750000 22.770000
142.780000 22.770000
142.810000 22.740000
142.840000 22.740000
142.870000 22.710000
142.900000 22.710000
142.930000 22.710000
142.960000 22.680000
142.990000 22.680000
143.020000 22.650000
143.050000 22.650000
143.080000 22.620000
143.110000 22.620000
143.140000 22.620000
143.170000 22.620000
143.200000 22.590000
143.230000 22.590000
143.260000 22.560000
143.290000 22.560000
143.320000 22.530000
143.350000 22.500000
143.380000 22.500000
143.410000 22.500000
143.440000 22.470000
143.470000 22.470000
143.500000 22.440000
143.530000 22.410000
143.560000 22.410000
143.590000 22.380000
143.620000 22.380000
143.650000 22.380000
143.680000 22.350000
143.710000 22.320000
143.740000 22.320000
143.770000 22.290000
143.800000 22.290000
143.830000 22.260000
143.860000 22.260000
143.890000 22.230000
143.920000 22.230000
143.950000 22.200000
143.980000 22.200000
144.010000 22.200000
144.040000 22.170000
144.070000 22.170000
144.100000 22.140000
144.130000 22.140000
144.160000 22.110000
144.190000 22.110000
144.220000 22.080000
144.250000 22.080000
144.280000 22.080000
144.310000 22.050000
144.340000 22.050000
144.370000 22.020000
144.400000 22.020000
144.430000 22.020000
144.460000 21.990000
144.490000 21.990000
144.520000 21.990000
144.550000 21.960000
144.580000 21.960000
144.610000 21.930000
144.640000 21.930000
144.670000 21.900000
144.700000 21.900000
144.730000 21.900000
144.760000 21.870000
144.790000 21.870000
144.820000 21.840000
144.850000 21.840000
144.880000 21.840000
144.910000 21.810000
144.940000 21.810000
144.970000 21.780000
145.000000 21.780000
145.030000 21.750000
145.060000 21.750000
145.090000 21.720000
145.120000 21.720000
145.150000 21.690000
145.180000 21.690000
145.210000 21.690000
145.240000 21.690000
145.270000 21.660000
145.300000 21.660000
145.330000 21.660000
145.360000 21.630000
145.390000 21.630000
145.420000 21.630000
145.450000 21.600000
145.480000 21.600000
145.510000 21.600000
145.540000 21.570000
145.570000 21.570000
145.600000 21.540000
145.630000 21.540000
145.660000 21.540000
145.690000 21.540000
145.720000 21.510000
145.750000 21.510000
145.780000 21.510000
145.810000 21.480000
145.840000 21.480000
145.870000 21.450000
145.900000 21.450000
145.930000 21.450000
145.960000 21.420000
145.990000 21.420000
146.020000 21.420000
146.050000 21.390000
146.080000 21.390000
146.110000 21.390000
146.140000 21.390000
146.170000 21.390000
146.200000 21.360000
146.230000 21.360000
146.260000 21.360000
146.290000 21.360000
146.320000 21.360000
146.350000 21.330000
146.380000 21.330000
146.410000 21.330000
146.440000 21.330000
146.470000 21.300000
146.500000 21.300000
146.530000 21.300000
146.560000 21.270000
146.590000 21.270000
146.620000 21.270000
146.650000 21.240000
146.680000 21.240000
146.710000 21.240000
146.740000 21.210000
146.770000 21.210000
146.800000 21.210000
146.830000 21.210000
146.860000 21.180000
146.890000 21.180000
146.920000 21.180000
146.950000 21.180000
146.980000 21.150000
147.010000 21.150000
147.040000 21.150000
147.070000 21.150000
147.100000 21.120000
147.130000 21.120000
147.160000 21.120000
147.190000 21.090000
147.220000 21.090000
147.250000 21.090000
147.280000 21.090000
147.310000 21.060000
147.340000 21.060000
147.370000 21.060000
147.400000 21.060000
147.430000 21.060000
147.460000 21.030000
147.490000 21.030000
147.520000 21.030000
147.550000 21.000000
147.580000 21.000000
147.610000 21.000000
147.640000 21.000000
147.670000 21.000000
147.700000 20.970000
147.730000 20.970000
147.760000 20.970000
147.790000 20.970000
147.820000 20.970000
147.850000 20.940000
147.880000 20.940000
147.910000 20.940000
147.940000 20.940000
147.970000 20.940000
148.000000 20.910000
148.030000 20.910000
148.060000 20.910000
148.090000 20.910000
148.120000 20.880000
148.150000 20.880000
148.180000 20.880000
148.210000 20.880000
148.240000 20.880000
148.270000 20.850000
148.300000 20.850000
148.330000 20.850000
148.360000 20.850000
148.390000 20.850000
148.420000 20.820000
148.450000 20.820000
148.480000 20.820000
148.510000 20.820000
148.540000 20.820000
148.570000 20.820000
148.600000 20.790000
148.630000 20.790000
148.660000 20.820000
148.690000 20.820000
148.720000 20.790000
148.750000 20.790000
148.780000 20.790000
148.810000 20.790000
148.840000 20.760000
148.870000 20.760000
148.900000 20.730000
148.930000 20.730000
148.960000 20.730000
148.990000 20.700000
149.020000 20.670000
149.050000 20.670000
149.080000 20.640000
149.110000 20.640000
149.140000 20.610000
149.170000 20.610000
149.200000 20.580000
149.230000 20.580000
149.260000 20.580000
149.290000 20.550000
149.320000 20.550000
149.350000 20.550000
149.380000 20.520000
149.410000 20.520000
149.440000 20.520000
149.470000 20.520000
149.500000 20.490000
149.530000 20.490000
149.560000 20.490000
149.590000 20.490000
149.620000 20.460000
149.650000 20.460000
149.680000 20.460000
149.710000 20.460000
149.740000 20.430000
149.770000 20.430000
149.800000 20.430000
149.830000 20.430000
149.860000 20.400000
149.890000 20.400000
149.920000 20.400000
149.950000 20.400000
149.980000 20.370000
150.010000 20.370000
150.040000 20.370000
150.070000 20.340000
150.100000 20.340000
150.130000 20.340000
150.160000 20.340000
150.190000 20.310000
150.220000 20.310000
150.250000 20.310000
150.280000 20.310000
150.310000 20.280000
150.340000 20.280000
150.370000 20.280000
150.400000 20.280000
150.430000 20.250000
150.460000 20.250000
150.490000 20.250000
150.520000 20.250000
150.550000 20.250000
150.580000 20.220000
150.610000 20.220000
150.640000 20.220000
150.670000 20.220000
150.700000 20.220000
150.730000 20.190000
150.760000 20.190000
150.790000 20.190000
150.820000 20.190000
150.850000 20.190000
150.880000 20.190000
150.910000 20.160000
150.940000 20.160000
150.970000 20.160000
151.000000 20.160000
151.030000 20.130000
151.060000 20.130000
151.090000 20.130000
151.120000 20.130000
151.150000 20.130000
151.180000 20.130000
151.210000 20.100000
151.240000 20.100000
151.270000 20.100000
151.300000 20.100000
151.330000 20.100000
151.360000 20.070000
151.390000 20.070000
151.420000 20.070000
151.450000 20.070000
151.480000 20.040000
151.510000 20.040000
151.540000 20.040000
151.570000 20.040000
151.600000 20.010000
151.630000 20.010000
151.660000 20.010000
151.690000 20.010000
151.720000 19.980000
151.750000 19.980000
151.780000 19.980000
151.810000 19.980000
151.840000 19.950000
151.870000 19.950000
151.900000 19.950000
151.930000 19.950000
151.960000 19.950000
151.990000 19.920000
152.020000 19.920000
152.050000 19.920000
152.080000 19.920000
152.110000 19.890000
152.140000 19.890000
152.170000 19.890000
152.200000 19.860000
152.230000 19.860000
152.260000 19.860000
152.290000 19.830000
152.320000 19.830000
152.350000 19.830000
152.380000 19.800000
152.410000 19.800000
152.440000 19.800000
152.470000 19.800000
152.500000 19.770000
152.530000 19.770000
152.560000 19.770000
152.590000 19.740000
152.620000 19.740000
152.650000 19.740000
152.680000 19.740000
152.710000 19.710000
152.740000 19.710000
152.770000 19.710000
152.800000 19.710000
152.830000 19.680000
152.860000 19.680000
152.890000 19.680000
152.920000 19.650000
152.950000 19.650000
152.980000 19.650000
153.010000 19.650000
153.040000 19.650000
153.070000 19.650000
153.100000 19.650000
153.130000 19.650000
153.160000 19.620000
153.190000 19.590000
153.220000 19.590000
153.250000 19.590000
153.280000 19.560000
153.310000 19.560000
153.340000 19.560000
153.370000 19.560000
153.400000 19.560000
153.430000 19.530000
153.460000 19.530000
153.490000 19.500000
153.520000 19.500000
153.550000 19.500000
153.580000 19.500000
153.610000 19.500000
153.640000 19.470000
153.670000 19.470000
153.700000 19.470000
153.730000 19.440000
153.760000 19.440000
153.790000 19.440000
153.820000 19.410000
153.850000 19.410000
153.880000 19.410000
153.910000 19.410000
153.940000 19.380000
153.970000 19.380000
154.000000 19.350000
154.030000 19.350000
154.060000 19.350000
154.090000 19.320000
154.120000 19.320000
154.150000 19.320000
154.180000 19.290000
154.210000 19.290000
154.240000 19.290000
154.270000 19.290000
154.300000 19.290000
154.330000 19.290000
154.360000 19.290000
154.390000 19.290000
154.420000 19.290000
154.450000 19.260000
154.480000 19.260000
154.510000 19.260000
154.540000 19.230000
154.570000 19.230000
154.600000 19.230000
154.630000 19.200000
154.660000 19.200000
154.690000 19.200000
154.720000 19.170000
154.750000 19.170000
154.780000 19.140000
154.810000 19.140000
154.840000 19.110000
154.870000 19.110000
154.900000 19.110000
154.930000 19.110000
154.960000 19.080000
154.990000 19.080000
155.020000 19.080000
155.050000 19.050000
155.080000 19.050000
155.110000 19.050000
155.140000 19.050000
155.170000 19.020000
155.200000 19.020000
155.230000 19.020000
155.260000 19.020000
155.290000 19.020000
155.320000 18.990000
155.350000 18.990000
155.380000 18.990000
155.410000 18.990000
155.440000 18.990000
155.470000 18.960000
155.500000 18.960000
155.530000 18.930000
155.560000 18.930000
155.590000 18.930000
155.620000 18.930000
155.650000 18.900000
155.680000 18.900000
155.710000 18.900000
155.740000 18.900000
155.770000 18.900000
155.800000 18.900000
155.830000 18.900000
155.860000 18.900000
155.890000 18.900000
155.920000 18.900000
155.950000 18.900000
155.980000 18.900000
156.010000 18.900000
156.040000 18.900000
156.070000 18.900000
156.100000 18.900000
156.130000 18.870000
156.160000 18.840000
156.190000 18.810000
156.220000 18.780000
156.250000 18.750000
156.280000 18.720000
156.310000 18.720000
156.340000 18.720000
156.370000 18.720000
156.400000 18.720000
156.430000 18.690000
156.460000 18.690000
156.490000 18.660000
156.520000 18.660000
156.550000 18.660000
156.580000 18.630000
156.610000 18.630000
156.640000 18.630000
156.670000 18.600000
156.700000 18.600000
156.730000 18.600000
156.760000 18.570000
156.790000 18.570000
156.820000 18.570000
156.850000 18.570000
156.880000 18.540000
156.910000 18.540000
156.940000 18.540000
156.970000 18.510000
157.000000 18.510000
157.030000 18.510000
157.060000 18.510000
157.090000 18.480000
157.120000 18.480000
157.150000 18.480000
157.180000 18.480000
157.210000 18.450000
157.240000 18.450000
157.270000 18.450000
157.300000 18.450000
157.330000 18.450000
157.360000 18.450000
157.390000 18.450000
157.420000 18.450000
157.450000 18.480000
157.480000 18.480000
157.510000 18.480000
157.540000 18.480000
157.570000 18.480000
157.600000 18.480000
157.630000 18.450000
157.660000 18.450000
157.690000 18.450000
157.720000 18.420000
157.750000 18.420000
157.780000 18.420000
157.810000 18.420000
157.840000 18.390000
157.870000 18.390000
157.900000 18.390000
157.930000 18.390000
157.960000 18.390000
157.990000 18.390000
158.020000 18.390000
158.050000 18.390000
158.080000 18.390000
158.110000 18.360000
158.140000 18.360000
158.170000 18.330000
158.200000 18.330000
158.230000 18.330000
158.260000 18.300000
158.290000 18.300000
158.320000 18.270000
158.350000 18.270000
158.380000 18.270000
158.410000 18.240000
158.440000 18.240000
158.470000 18.240000
158.500000 18.240000
158.530000 18.210000
158.560000 18.210000
158.590000 18.180000
158.620000 18.150000
158.650000 18.150000
158.680000 18.150000
158.710000 18.120000
158.740000 18.120000
158.770000 18.120000
158.800000 18.090000
158.830000 18.090000
158.860000 18.090000
158.890000 18.090000
158.920000 18.060000
158.950000 18.060000
158.980000 18.060000
159.010000 18.060000
159.040000 18.030000
159.070000 18.030000
159.100000 18.030000
159.130000 18.000000
159.160000 18.000000
159.190000 17.970000
159.220000 17.970000
159.250000 17.970000
159.280000 17.940000
159.310000 17.940000
159.340000 17.910000
159.370000 17.910000
159.400000 17.910000
159.430000 17.910000
159.460000 17.910000
159.490000 17.910000
159.520000 17.910000
159.550000 17.910000
159.580000 17.910000
159.610000 17.910000
159.640000 17.880000
159.670000 17.880000
159.700000 17.880000
159.730000 17.850000
159.760000 17.850000
159.790000 17.820000
159.820000 17.820000
159.850000 17.790000
159.880000 17.790000
159.910000 17.760000
159.940000 17.760000
159.970000 17.760000
