246571.470000 5637616.760000
1131.000000 2.000000
1131.000000 200.000000
150.000000 11.250000
150.025000 11.275000
150.050000 11.275000
150.075000 11.275000
150.100000 11.300000
150.125000 11.300000
150.150000 11.300000
150.175000 11.300000
150.200000 11.325000
150.225000 11.325000
150.250000 11.325000
150.275000 11.325000
150.300000 11.325000
150.325000 11.325000
150.350000 11.350000
150.375000 11.350000
150.400000 11.350000
150.425000 11.375000
150.450000 11.375000
150.475000 11.375000
150.500000 11.400000
150.525000 11.400000
150.550000 11.400000
150.575000 11.425000
150.600000 11.425000
150.625000 11.425000
150.650000 11.425000
150.675000 11.450000
150.700000 11.450000
150.725000 11.450000
150.750000 11.450000
150.775000 11.450000
150.800000 11.475000
150.825000 11.475000
150.850000 11.475000
150.875000 11.500000
150.900000 11.500000
150.925000 11.500000
150.950000 11.500000
150.975000 11.500000
151.000000 11.525000
151.025000 11.525000
151.050000 11.525000
151.075000 11.525000
151.100000 11.525000
151.125000 11.525000
151.150000 11.525000
151.175000 11.525000
151.200000 11.550000
151.225000 11.550000
151.250000 11.550000
151.275000 11.550000
151.300000 11.550000
151.325000 11.550000
151.350000 11.575000
151.375000 11.575000
151.400000 11.575000
151.425000 11.575000
151.450000 11.575000
151.475000 11.575000
151.500000 11.600000
151.525000 11.600000
151.550000 11.600000
151.575000 11.600000
151.600000 11.600000
151.625000 11.600000
151.650000 11.600000
151.675000 11.625000
151.700000 11.625000
151.725000 11.625000
151.750000 11.625000
151.775000 11.625000
151.800000 11.650000
151.825000 11.650000
151.850000 11.650000
151.875000 11.650000
151.900000 11.675000
151.925000 11.675000
151.950000 11.675000
151.975000 11.700000
152.000000 11.700000
152.025000 11.700000
152.050000 11.700000
152.075000 11.700000
152.100000 11.700000
152.125000 11.725000
152.150000 11.725000
152.175000 11.725000
152.200000 11.725000
152.225000 11.725000
152.250000 11.725000
152.275000 11.725000
152.300000 11.750000
152.325000 11.750000
152.350000 11.750000
152.375000 11.750000
152.400000 11.750000
152.425000 11.750000
152.450000 11.750000
152.475000 11.775000
152.500000 11.775000
152.525000 11.775000
152.550000 11.775000
152.575000 11.775000
152.600000 11.800000
152.625000 11.800000
152.650000 11.800000
152.675000 11.800000
152.700000 11.800000
152.725000 11.800000
152.750000 11.825000
152.775000 11.825000
152.800000 11.825000
152.825000 11.850000
152.850000 11.850000
152.875000 11.850000
152.900000 11.850000
152.925000 11.875000
152.950000 11.875000
152.975000 11.875000
153.000000 11.900000
153.025000 11.900000
153.050000 11.900000
153.075000 11.925000
153.100000 11.925000
153.125000 11.925000
153.150000 11.950000
153.175000 11.950000
153.200000 11.950000
153.225000 11.950000
153.250000 11.975000
153.275000 11.975000
153.300000 11.975000
153.325000 11.975000
153.350000 12.000000
153.375000 12.000000
153.400000 12.000000
153.425000 12.025000
153.450000 12.025000
153.475000 12.050000
153.500000 12.050000
153.525000 12.050000
153.550000 12.050000
153.575000 12.075000
153.600000 12.075000
153.625000 12.075000
153.650000 12.100000
153.675000 12.100000
153.700000 12.100000
153.725000 12.100000
153.750000 12.100000
153.775000 12.100000
153.800000 12.100000
153.825000 12.100000
153.850000 12.100000
153.875000 12.100000
153.900000 12.100000
153.925000 12.100000
153.950000 12.100000
153.975000 12.100000
154.000000 12.100000
154.025000 12.100000
154.050000 12.100000
154.075000 12.100000
154.100000 12.100000
154.125000 12.100000
154.150000 12.100000
154.175000 12.075000
154.200000 12.075000
154.225000 12.100000
154.250000 12.075000
154.275000 12.075000
154.300000 12.100000
154.325000 12.100000
154.350000 12.100000
154.375000 12.100000
154.400000 12.100000
154.425000 12.125000
154.450000 12.125000
154.475000 12.125000
154.500000 12.125000
154.525000 12.125000
154.550000 12.150000
154.575000 12.150000
154.600000 12.150000
154.625000 12.150000
154.650000 12.150000
154.675000 12.175000
154.700000 12.175000
154.725000 12.200000
154.750000 12.200000
154.775000 12.200000
154.800000 12.225000
154.825000 12.225000
154.850000 12.225000
154.875000 12.250000
154.900000 12.250000
154.925000 12.250000
154.950000 12.250000
154.975000 12.275000
155.000000 12.275000
155.025000 12.275000
155.050000 12.275000
155.075000 12.275000
155.100000 12.275000
155.125000 12.275000
155.150000 12.275000
155.175000 12.275000
155.200000 12.275000
155.225000 12.250000
155.250000 12.275000
155.275000 12.275000
155.300000 12.275000
155.325000 12.275000
155.350000 12.275000
155.375000 12.275000
155.400000 12.275000
155.425000 12.275000
155.450000 12.275000
155.475000 12.300000
155.500000 12.300000
155.525000 12.300000
155.550000 12.300000
155.575000 12.300000
155.600000 12.300000
155.625000 12.300000
155.650000 12.300000
155.675000 12.300000
155.700000 12.300000
155.725000 12.300000
155.750000 12.325000
155.775000 12.325000
155.800000 12.325000
155.825000 12.325000
155.850000 12.325000
155.875000 12.325000
155.900000 12.325000
155.925000 12.325000
155.950000 12.325000
155.975000 12.325000
156.000000 12.350000
156.025000 12.350000
156.050000 12.350000
156.075000 12.350000
156.100000 12.350000
156.125000 12.350000
156.150000 12.350000
156.175000 12.350000
156.200000 12.350000
156.225000 12.375000
156.250000 12.375000
156.275000 12.375000
156.300000 12.400000
156.325000 12.400000
156.350000 12.400000
156.375000 12.400000
156.400000 12.400000
156.425000 12.400000
156.450000 12.400000
156.475000 12.425000
156.500000 12.425000
156.525000 12.425000
156.550000 12.425000
156.575000 12.425000
156.600000 12.425000
156.625000 12.425000
156.650000 12.450000
156.675000 12.450000
156.700000 12.450000
156.725000 12.450000
156.750000 12.450000
156.775000 12.450000
156.800000 12.450000
156.825000 12.450000
156.850000 12.450000
156.875000 12.450000
156.900000 12.450000
156.925000 12.450000
156.950000 12.450000
156.975000 12.450000
157.000000 12.450000
157.025000 12.450000
157.050000 12.450000
157.075000 12.450000
157.100000 12.450000
157.125000 12.450000
157.150000 12.475000
157.175000 12.475000
157.200000 12.475000
157.225000 12.500000
157.250000 12.500000
157.275000 12.500000
157.300000 12.525000
157.325000 12.525000
157.350000 12.525000
157.375000 12.550000
157.400000 12.550000
157.425000 12.550000
157.450000 12.575000
157.475000 12.575000
157.500000 12.600000
157.525000 12.600000
157.550000 12.625000
157.575000 12.650000
157.600000 12.650000
157.625000 12.675000
157.650000 12.675000
157.675000 12.675000
157.700000 12.675000
157.725000 12.675000
157.750000 12.700000
157.775000 12.700000
157.800000 12.725000
157.825000 12.725000
157.850000 12.725000
157.875000 12.750000
157.900000 12.750000
157.925000 12.750000
157.950000 12.775000
157.975000 12.800000
158.000000 12.825000
158.025000 12.850000
158.050000 12.850000
158.075000 12.850000
158.100000 12.850000
158.125000 12.850000
158.150000 12.850000
158.175000 12.850000
158.200000 12.850000
158.225000 12.850000
158.250000 12.850000
158.275000 12.850000
158.300000 12.850000
158.325000 12.875000
158.350000 12.875000
158.375000 12.900000
158.400000 12.900000
158.425000 12.925000
158.450000 12.925000
158.475000 12.925000
158.500000 12.950000
158.525000 12.950000
158.550000 12.975000
158.575000 12.975000
158.600000 12.975000
158.625000 12.975000
158.650000 13.000000
158.675000 13.000000
158.700000 13.000000
158.725000 13.025000
158.750000 13.025000
158.775000 13.050000
158.800000 13.050000
158.825000 13.075000
158.850000 13.075000
158.875000 13.075000
158.900000 13.100000
158.925000 13.100000
158.950000 13.125000
158.975000 13.125000
159.000000 13.150000
159.025000 13.150000
159.050000 13.175000
159.075000 13.175000
159.100000 13.175000
159.125000 13.175000
159.150000 13.175000
159.175000 13.200000
159.200000 13.200000
159.225000 13.200000
159.250000 13.225000
159.275000 13.225000
159.300000 13.250000
159.325000 13.250000
159.350000 13.250000
159.375000 13.275000
159.400000 13.275000
159.425000 13.275000
159.450000 13.300000
159.475000 13.300000
159.500000 13.300000
159.525000 13.325000
159.550000 13.325000
159.575000 13.325000
159.600000 13.325000
159.625000 13.325000
159.650000 13.350000
159.675000 13.350000
159.700000 13.350000
159.725000 13.375000
159.750000 13.375000
159.775000 13.375000
159.800000 13.375000
159.825000 13.400000
159.850000 13.400000
159.875000 13.425000
159.900000 13.425000
159.925000 13.425000
159.950000 13.425000
159.975000 13.425000
160.000000 13.425000
160.025000 13.450000
160.050000 13.450000
160.075000 13.450000
160.100000 13.450000
160.125000 13.450000
160.150000 13.475000
160.175000 13.475000
160.200000 13.475000
160.225000 13.500000
160.250000 13.500000
160.275000 13.525000
160.300000 13.525000
160.325000 13.525000
160.350000 13.525000
160.375000 13.525000
160.400000 13.550000
160.425000 13.550000
160.450000 13.550000
160.475000 13.550000
160.500000 13.575000
160.525000 13.575000
160.550000 13.600000
160.575000 13.600000
160.600000 13.600000
160.625000 13.600000
160.650000 13.600000
160.675000 13.625000
160.700000 13.650000
160.725000 13.700000
160.750000 13.725000
160.775000 13.750000
160.800000 13.775000
160.825000 13.775000
160.850000 13.775000
160.875000 13.775000
160.900000 13.800000
160.925000 13.800000
160.950000 13.825000
160.975000 13.850000
161.000000 13.850000
161.025000 13.850000
161.050000 13.850000
161.075000 13.850000
161.100000 13.850000
161.125000 13.850000
161.150000 13.875000
161.175000 13.875000
161.200000 13.875000
161.225000 13.875000
161.250000 13.900000
161.275000 13.900000
161.300000 13.900000
161.325000 13.925000
161.350000 13.950000
161.375000 13.925000
161.400000 13.950000
161.425000 13.950000
161.450000 13.950000
161.475000 13.950000
161.500000 13.950000
161.525000 13.975000
161.550000 13.975000
161.575000 13.975000
161.600000 14.000000
161.625000 14.000000
161.650000 14.025000
161.675000 14.025000
161.700000 14.050000
161.725000 14.050000
161.750000 14.050000
161.775000 14.075000
161.800000 14.075000
161.825000 14.075000
161.850000 14.100000
161.875000 14.100000
161.900000 14.125000
161.925000 14.125000
161.950000 14.150000
161.975000 14.150000
162.000000 14.150000
162.025000 14.175000
162.050000 14.175000
162.075000 14.200000
162.100000 14.200000
162.125000 14.200000
162.150000 14.200000
162.175000 14.225000
162.200000 14.225000
162.225000 14.250000
162.250000 14.250000
162.275000 14.275000
162.300000 14.275000
162.325000 14.275000
162.350000 14.300000
162.375000 14.300000
162.400000 14.300000
162.425000 14.300000
162.450000 14.325000
162.475000 14.325000
162.500000 14.325000
162.525000 14.325000
162.550000 14.350000
162.575000 14.350000
162.600000 14.375000
162.625000 14.375000
162.650000 14.400000
162.675000 14.400000
162.700000 14.425000
162.725000 14.425000
162.750000 14.450000
162.775000 14.450000
162.800000 14.450000
162.825000 14.475000
162.850000 14.475000
162.875000 14.500000
162.900000 14.500000
162.925000 14.500000
162.950000 14.525000
162.975000 14.525000
163.000000 14.550000
163.025000 14.550000
163.050000 14.575000
163.075000 14.575000
163.100000 14.600000
163.125000 14.600000
163.150000 14.600000
163.175000 14.600000
163.200000 14.625000
163.225000 14.625000
163.250000 14.625000
163.275000 14.625000
163.300000 14.625000
163.325000 14.625000
163.350000 14.625000
163.375000 14.625000
163.400000 14.650000
163.425000 14.650000
163.450000 14.650000
163.475000 14.650000
163.500000 14.675000
163.525000 14.675000
163.550000 14.675000
163.575000 14.675000
163.600000 14.675000
163.625000 14.650000
163.650000 14.625000
163.675000 14.600000
163.700000 14.625000
163.725000 14.625000
163.750000 14.625000
163.775000 14.650000
163.800000 14.675000
163.825000 14.675000
163.850000 14.675000
163.875000 14.700000
163.900000 14.725000
163.925000 14.725000
163.950000 14.750000
163.975000 14.750000
164.000000 14.750000
164.025000 14.750000
164.050000 14.775000
164.075000 14.775000
164.100000 14.775000
164.125000 14.775000
164.150000 14.800000
164.175000 14.800000
164.200000 14.800000
164.225000 14.825000
164.250000 14.825000
164.275000 14.825000
164.300000 14.850000
164.325000 14.850000
164.350000 14.875000
164.375000 14.875000
164.400000 14.900000
164.425000 14.900000
164.450000 14.900000
164.475000 14.925000
164.500000 14.925000
164.525000 14.950000
164.550000 14.950000
164.575000 14.950000
164.600000 14.975000
164.625000 14.975000
164.650000 15.000000
164.675000 15.000000
164.700000 15.025000
164.725000 15.025000
164.750000 15.050000
164.775000 15.050000
164.800000 15.050000
164.825000 15.075000
164.850000 15.075000
164.875000 15.075000
164.900000 15.100000
164.925000 15.100000
164.950000 15.100000
164.975000 15.125000
165.000000 15.125000
165.025000 15.125000
165.050000 15.150000
165.075000 15.150000
165.100000 15.150000
165.125000 15.175000
165.150000 15.175000
165.175000 15.175000
165.200000 15.200000
165.225000 15.200000
165.250000 15.200000
165.275000 15.225000
165.300000 15.225000
165.325000 15.225000
165.350000 15.250000
165.375000 15.250000
165.400000 15.250000
165.425000 15.250000
165.450000 15.250000
165.475000 15.275000
165.500000 15.275000
165.525000 15.275000
165.550000 15.300000
165.575000 15.300000
165.600000 15.300000
165.625000 15.300000
165.650000 15.325000
165.675000 15.325000
165.700000 15.325000
165.725000 15.350000
165.750000 15.350000
165.775000 15.375000
165.800000 15.375000
165.825000 15.375000
165.850000 15.400000
165.875000 15.425000
165.900000 15.425000
165.925000 15.425000
165.950000 15.450000
165.975000 15.450000
166.000000 15.450000
166.025000 15.475000
166.050000 15.475000
166.075000 15.500000
166.100000 15.500000
166.125000 15.525000
166.150000 15.525000
166.175000 15.525000
166.200000 15.550000
166.225000 15.550000
166.250000 15.575000
166.275000 15.575000
166.300000 15.600000
166.325000 15.600000
166.350000 15.600000
166.375000 15.600000
166.400000 15.625000
166.425000 15.625000
166.450000 15.600000
166.475000 15.625000
166.500000 15.625000
166.525000 15.625000
166.550000 15.625000
166.575000 15.650000
166.600000 15.650000
166.625000 15.650000
166.650000 15.675000
166.675000 15.675000
166.700000 15.675000
166.725000 15.675000
166.750000 15.700000
166.775000 15.700000
166.800000 15.725000
166.825000 15.725000
166.850000 15.725000
166.875000 15.750000
166.900000 15.750000
166.925000 15.750000
166.950000 15.775000
166.975000 15.775000
167.000000 15.775000
167.025000 15.800000
167.050000 15.800000
167.075000 15.800000
167.100000 15.825000
167.125000 15.825000
167.150000 15.850000
167.175000 15.850000
167.200000 15.850000
167.225000 15.875000
167.250000 15.875000
167.275000 15.875000
167.300000 15.900000
167.325000 15.900000
167.350000 15.900000
167.375000 15.925000
167.400000 15.925000
167.425000 15.925000
167.450000 15.950000
167.475000 15.950000
167.500000 15.950000
167.525000 15.975000
167.550000 15.975000
167.575000 16.000000
167.600000 16.000000
167.625000 16.000000
167.650000 16.025000
167.675000 16.025000
167.700000 16.025000
167.725000 16.050000
167.750000 16.050000
167.775000 16.075000
167.800000 16.075000
167.825000 16.075000
167.850000 16.100000
167.875000 16.100000
167.900000 16.100000
167.925000 16.125000
167.950000 16.125000
167.975000 16.125000
168.000000 16.150000
168.025000 16.150000
168.050000 16.175000
168.075000 16.175000
168.100000 16.175000
168.125000 16.200000
168.150000 16.200000
168.175000 16.200000
168.200000 16.225000
168.225000 16.225000
168.250000 16.225000
168.275000 16.250000
168.300000 16.250000
168.325000 16.250000
168.350000 16.275000
168.375000 16.275000
168.400000 16.275000
168.425000 16.300000
168.450000 16.300000
168.475000 16.300000
168.500000 16.325000
168.525000 16.325000
168.550000 16.325000
168.575000 16.350000
168.600000 16.350000
168.625000 16.350000
168.650000 16.375000
168.675000 16.375000
168.700000 16.375000
168.725000 16.375000
168.750000 16.400000
168.775000 16.400000
168.800000 16.400000
168.825000 16.425000
168.850000 16.425000
168.875000 16.425000
168.900000 16.450000
168.925000 16.450000
168.950000 16.450000
168.975000 16.450000
169.000000 16.475000
169.025000 16.475000
169.050000 16.475000
169.075000 16.475000
169.100000 16.500000
169.125000 16.500000
169.150000 16.500000
169.175000 16.525000
169.200000 16.525000
169.225000 16.525000
169.250000 16.550000
169.275000 16.550000
169.300000 16.550000
169.325000 16.575000
169.350000 16.575000
169.375000 16.575000
169.400000 16.575000
169.425000 16.600000
169.450000 16.600000
169.475000 16.600000
169.500000 16.600000
169.525000 16.625000
169.550000 16.625000
169.575000 16.625000
169.600000 16.625000
169.625000 16.650000
169.650000 16.650000
169.675000 16.650000
169.700000 16.650000
169.725000 16.675000
169.750000 16.675000
169.775000 16.675000
169.800000 16.675000
169.825000 16.675000
169.850000 16.700000
169.875000 16.700000
169.900000 16.700000
169.925000 16.700000
169.950000 16.700000
169.975000 16.725000
170.000000 16.725000
170.025000 16.725000
170.050000 16.725000
170.075000 16.725000
170.100000 16.750000
170.125000 16.750000
170.150000 16.750000
170.175000 16.750000
170.200000 16.750000
170.225000 16.750000
170.250000 16.775000
170.275000 16.775000
170.300000 16.775000
170.325000 16.775000
170.350000 16.775000
170.375000 16.775000
170.400000 16.800000
170.425000 16.800000
170.450000 16.800000
170.475000 16.800000
170.500000 16.800000
170.525000 16.800000
170.550000 16.825000
170.575000 16.825000
170.600000 16.825000
170.625000 16.825000
170.650000 16.850000
170.675000 16.850000
170.700000 16.850000
170.725000 16.850000
170.750000 16.875000
170.775000 16.875000
170.800000 16.875000
170.825000 16.900000
170.850000 16.900000
170.875000 16.900000
170.900000 16.900000
170.925000 16.900000
170.950000 16.925000
170.975000 16.925000
171.000000 16.925000
171.025000 16.925000
171.050000 16.950000
171.075000 16.950000
171.100000 16.950000
171.125000 16.975000
171.150000 16.975000
171.175000 16.975000
171.200000 17.000000
171.225000 17.000000
171.250000 17.000000
171.275000 17.000000
171.300000 17.025000
171.325000 17.025000
171.350000 17.025000
171.375000 17.050000
171.400000 17.050000
171.425000 17.050000
171.450000 17.075000
171.475000 17.075000
171.500000 17.075000
171.525000 17.100000
171.550000 17.100000
171.575000 17.100000
171.600000 17.125000
171.625000 17.125000
171.650000 17.125000
171.675000 17.150000
171.700000 17.150000
171.725000 17.175000
171.750000 17.175000
171.775000 17.200000
171.800000 17.200000
171.825000 17.200000
171.850000 17.225000
171.875000 17.225000
171.900000 17.225000
171.925000 17.250000
171.950000 17.250000
171.975000 17.275000
172.000000 17.275000
172.025000 17.300000
172.050000 17.300000
172.075000 17.300000
172.100000 17.325000
172.125000 17.325000
172.150000 17.350000
172.175000 17.350000
172.200000 17.375000
172.225000 17.400000
172.250000 17.400000
172.275000 17.400000
172.300000 17.425000
172.325000 17.425000
172.350000 17.450000
172.375000 17.450000
172.400000 17.475000
172.425000 17.475000
172.450000 17.500000
172.475000 17.500000
172.500000 17.525000
172.525000 17.525000
172.550000 17.550000
172.575000 17.575000
172.600000 17.600000
172.625000 17.600000
172.650000 17.625000
172.675000 17.625000
172.700000 17.650000
172.725000 17.675000
172.750000 17.675000
172.775000 17.700000
172.800000 17.700000
172.825000 17.725000
172.850000 17.750000
172.875000 17.750000
172.900000 17.775000
172.925000 17.775000
172.950000 17.800000
172.975000 17.825000
173.000000 17.825000
173.025000 17.850000
173.050000 17.850000
173.075000 17.875000
173.100000 17.900000
173.125000 17.900000
173.150000 17.925000
173.175000 17.950000
173.200000 17.950000
173.225000 17.975000
173.250000 17.975000
173.275000 18.000000
173.300000 18.000000
173.325000 18.025000
173.350000 18.025000
173.375000 18.050000
173.400000 18.050000
173.425000 18.075000
173.450000 18.075000
173.475000 18.100000
173.500000 18.100000
173.525000 18.125000
173.550000 18.125000
173.575000 18.150000
173.600000 18.175000
173.625000 18.175000
173.650000 18.200000
173.675000 18.200000
173.700000 18.225000
173.725000 18.225000
173.750000 18.250000
173.775000 18.250000
173.800000 18.275000
173.825000 18.300000
173.850000 18.300000
173.875000 18.325000
173.900000 18.350000
173.925000 18.350000
173.950000 18.375000
173.975000 18.375000
174.000000 18.400000
174.025000 18.400000
174.050000 18.425000
174.075000 18.425000
174.100000 18.450000
174.125000 18.475000
174.150000 18.475000
174.175000 18.500000
174.200000 18.525000
174.225000 18.525000
174.250000 18.550000
174.275000 18.575000
174.300000 18.575000
174.325000 18.600000
174.350000 18.625000
174.375000 18.625000
174.400000 18.650000
174.425000 18.650000
174.450000 18.650000
174.475000 18.675000
174.500000 18.700000
174.525000 18.725000
174.550000 18.725000
174.575000 18.750000
174.600000 18.775000
174.625000 18.775000
174.650000 18.800000
174.675000 18.825000
174.700000 18.825000
174.725000 18.850000
174.750000 18.850000
174.775000 18.875000
174.800000 18.900000
174.825000 18.900000
174.850000 18.900000
174.875000 18.900000
174.900000 18.900000
174.925000 18.925000
174.950000 18.925000
174.975000 18.925000
175.000000 18.925000
175.025000 18.950000
175.050000 18.950000
175.075000 18.950000
175.100000 18.950000
175.125000 18.950000
175.150000 18.950000
175.175000 18.950000
175.200000 18.950000
175.225000 18.950000
175.250000 18.950000
175.275000 18.950000
175.300000 18.950000
175.325000 18.925000
175.350000 18.925000
175.375000 18.925000
175.400000 18.925000
175.425000 18.925000
175.450000 18.925000
175.475000 18.925000
175.500000 18.925000
175.525000 18.925000
175.550000 18.925000
175.575000 18.925000
175.600000 18.925000
175.625000 18.900000
175.650000 18.900000
175.675000 18.900000
175.700000 18.900000
175.725000 18.900000
175.750000 18.900000
175.775000 18.900000
175.800000 18.900000
175.825000 18.900000
175.850000 18.925000
175.875000 18.925000
175.900000 18.925000
175.925000 18.950000
175.950000 18.925000
175.975000 18.925000
176.000000 18.925000
176.025000 18.925000
176.050000 18.925000
176.075000 18.900000
176.100000 18.900000
176.125000 18.900000
176.150000 18.925000
176.175000 18.925000
176.200000 18.925000
176.225000 18.925000
176.250000 18.925000
176.275000 18.925000
176.300000 18.925000
176.325000 18.925000
176.350000 18.925000
176.375000 18.925000
176.400000 18.950000
176.425000 18.950000
176.450000 18.950000
176.475000 18.925000
176.500000 18.925000
176.525000 18.925000
176.550000 18.925000
176.575000 18.925000
176.600000 18.925000
176.625000 18.925000
176.650000 18.925000
176.675000 18.925000
176.700000 18.925000
176.725000 18.925000
176.750000 18.925000
176.775000 18.925000
176.800000 18.925000
176.825000 18.925000
176.850000 18.925000
176.875000 18.925000
176.900000 18.925000
176.925000 18.925000
176.950000 18.925000
176.975000 18.925000
177.000000 18.925000
177.025000 18.925000
177.050000 18.900000
177.075000 18.900000
177.100000 18.875000
177.125000 18.850000
177.150000 18.850000
177.175000 18.850000
177.200000 18.825000
177.225000 18.800000
177.250000 18.800000
177.275000 18.775000
177.300000 18.775000
177.325000 18.750000
177.350000 18.750000
177.375000 18.750000
177.400000 18.725000
177.425000 18.700000
177.450000 18.700000
177.475000 18.675000
177.500000 18.675000
177.525000 18.650000
177.550000 18.625000
177.575000 18.600000
177.600000 18.600000
177.625000 18.575000
177.650000 18.575000
177.675000 18.550000
177.700000 18.525000
177.725000 18.525000
177.750000 18.500000
177.775000 18.475000
177.800000 18.475000
177.825000 18.450000
177.850000 18.450000
177.875000 18.425000
177.900000 18.425000
177.925000 18.400000
177.950000 18.400000
177.975000 18.375000
178.000000 18.350000
178.025000 18.350000
178.050000 18.325000
178.075000 18.325000
178.100000 18.300000
178.125000 18.300000
178.150000 18.275000
178.175000 18.275000
178.200000 18.275000
178.225000 18.250000
178.250000 18.225000
178.275000 18.225000
178.300000 18.225000
178.325000 18.200000
178.350000 18.175000
178.375000 18.175000
178.400000 18.150000
178.425000 18.125000
178.450000 18.125000
178.475000 18.100000
178.500000 18.075000
178.525000 18.075000
178.550000 18.050000
178.575000 18.025000
178.600000 18.025000
178.625000 18.000000
178.650000 17.975000
178.675000 17.975000
178.700000 17.950000
178.725000 17.925000
178.750000 17.925000
178.775000 17.900000
178.800000 17.875000
178.825000 17.875000
178.850000 17.850000
178.875000 17.825000
178.900000 17.825000
178.925000 17.800000
178.950000 17.775000
178.975000 17.775000
179.000000 17.750000
179.025000 17.750000
179.050000 17.725000
179.075000 17.700000
179.100000 17.700000
179.125000 17.675000
179.150000 17.650000
179.175000 17.650000
179.200000 17.625000
179.225000 17.600000
179.250000 17.600000
179.275000 17.575000
179.300000 17.575000
179.325000 17.550000
179.350000 17.525000
179.375000 17.500000
179.400000 17.500000
179.425000 17.475000
179.450000 17.475000
179.475000 17.450000
179.500000 17.425000
179.525000 17.400000
179.550000 17.400000
179.575000 17.375000
179.600000 17.350000
179.625000 17.325000
179.650000 17.325000
179.675000 17.300000
179.700000 17.275000
179.725000 17.275000
179.750000 17.250000
179.775000 17.250000
179.800000 17.225000
179.825000 17.200000
179.850000 17.200000
179.875000 17.200000
179.900000 17.175000
179.925000 17.150000
179.950000 17.150000
179.975000 17.125000
180.000000 17.125000
180.025000 17.100000
180.050000 17.100000
180.075000 17.075000
180.100000 17.050000
180.125000 17.025000
180.150000 17.025000
180.175000 17.000000
180.200000 17.000000
180.225000 16.975000
180.250000 16.950000
180.275000 16.925000
180.300000 16.900000
180.325000 16.900000
180.350000 16.875000
180.375000 16.850000
180.400000 16.850000
180.425000 16.825000
180.450000 16.800000
180.475000 16.800000
180.500000 16.775000
180.525000 16.750000
180.550000 16.750000
180.575000 16.725000
180.600000 16.725000
180.625000 16.700000
180.650000 16.700000
180.675000 16.675000
180.700000 16.675000
180.725000 16.650000
180.750000 16.625000
180.775000 16.625000
180.800000 16.625000
180.825000 16.600000
180.850000 16.600000
180.875000 16.600000
180.900000 16.600000
180.925000 16.600000
180.950000 16.600000
180.975000 16.600000
181.000000 16.600000
181.025000 16.600000
181.050000 16.600000
181.075000 16.600000
181.100000 16.600000
181.125000 16.600000
181.150000 16.575000
181.175000 16.550000
181.200000 16.550000
181.225000 16.550000
181.250000 16.525000
181.275000 16.500000
181.300000 16.475000
181.325000 16.450000
181.350000 16.450000
181.375000 16.425000
181.400000 16.425000
181.425000 16.375000
181.450000 16.350000
181.475000 16.275000
181.500000 16.225000
181.525000 16.200000
181.550000 16.175000
181.575000 16.150000
181.600000 16.150000
181.625000 16.150000
181.650000 16.125000
181.675000 16.125000
181.700000 16.100000
181.725000 16.100000
181.750000 16.075000
181.775000 16.075000
181.800000 16.050000
181.825000 16.050000
181.850000 16.025000
181.875000 16.025000
181.900000 16.025000
181.925000 16.000000
181.950000 16.000000
181.975000 15.975000
182.000000 15.975000
182.025000 15.950000
182.050000 15.950000
182.075000 15.925000
182.100000 15.925000
182.125000 15.900000
182.150000 15.900000
182.175000 15.900000
182.200000 15.875000
182.225000 15.875000
182.250000 15.850000
182.275000 15.850000
182.300000 15.825000
182.325000 15.825000
182.350000 15.800000
182.375000 15.800000
182.400000 15.775000
182.425000 15.775000
182.450000 15.775000
182.475000 15.750000
182.500000 15.750000
182.525000 15.725000
182.550000 15.725000
182.575000 15.700000
182.600000 15.675000
182.625000 15.675000
182.650000 15.675000
182.675000 15.650000
182.700000 15.650000
182.725000 15.625000
182.750000 15.625000
182.775000 15.600000
182.800000 15.600000
182.825000 15.575000
182.850000 15.575000
182.875000 15.550000
182.900000 15.550000
182.925000 15.525000
182.950000 15.525000
182.975000 15.500000
183.000000 15.500000
183.025000 15.500000
183.050000 15.475000
183.075000 15.475000
183.100000 15.450000
183.125000 15.450000
183.150000 15.425000
183.175000 15.425000
183.200000 15.425000
183.225000 15.400000
183.250000 15.400000
183.275000 15.375000
183.300000 15.375000
183.325000 15.350000
183.350000 15.350000
183.375000 15.350000
183.400000 15.325000
183.425000 15.325000
183.450000 15.300000
183.475000 15.300000
183.500000 15.300000
183.525000 15.275000
183.550000 15.275000
183.575000 15.250000
183.600000 15.250000
183.625000 15.225000
183.650000 15.225000
183.675000 15.225000
183.700000 15.200000
183.725000 15.200000
183.750000 15.175000
183.775000 15.175000
183.800000 15.150000
183.825000 15.150000
183.850000 15.125000
183.875000 15.125000
183.900000 15.125000
183.925000 15.100000
183.950000 15.100000
183.975000 15.075000
184.000000 15.075000
184.025000 15.075000
184.050000 15.050000
184.075000 15.050000
184.100000 15.025000
184.125000 15.025000
184.150000 15.000000
184.175000 15.000000
184.200000 15.000000
184.225000 14.975000
184.250000 14.975000
184.275000 14.950000
184.300000 14.950000
184.325000 14.950000
184.350000 14.925000
184.375000 14.925000
184.400000 14.900000
184.425000 14.900000
184.450000 14.875000
184.475000 14.875000
184.500000 14.875000
184.525000 14.850000
184.550000 14.850000
184.575000 14.850000
184.600000 14.825000
184.625000 14.825000
184.650000 14.800000
184.675000 14.800000
184.700000 14.775000
184.725000 14.775000
184.750000 14.775000
184.775000 14.750000
184.800000 14.750000
184.825000 14.725000
184.850000 14.725000
184.875000 14.725000
184.900000 14.700000
184.925000 14.700000
184.950000 14.675000
184.975000 14.675000
185.000000 14.675000
185.025000 14.650000
185.050000 14.650000
185.075000 14.625000
185.100000 14.625000
185.125000 14.600000
185.150000 14.600000
185.175000 14.575000
185.200000 14.575000
185.225000 14.575000
185.250000 14.550000
185.275000 14.550000
185.300000 14.525000
185.325000 14.525000
185.350000 14.500000
185.375000 14.500000
185.400000 14.500000
185.425000 14.475000
185.450000 14.475000
185.475000 14.475000
185.500000 14.450000
185.525000 14.450000
185.550000 14.450000
185.575000 14.450000
185.600000 14.425000
185.625000 14.425000
185.650000 14.425000
185.675000 14.425000
185.700000 14.425000
185.725000 14.400000
185.750000 14.400000
185.775000 14.400000
185.800000 14.375000
185.825000 14.375000
185.850000 14.375000
185.875000 14.375000
185.900000 14.350000
185.925000 14.350000
185.950000 14.350000
185.975000 14.350000
186.000000 14.350000
186.025000 14.325000
186.050000 14.325000
186.075000 14.325000
186.100000 14.300000
186.125000 14.300000
186.150000 14.300000
186.175000 14.300000
186.200000 14.300000
186.225000 14.275000
186.250000 14.275000
186.275000 14.250000
186.300000 14.250000
186.325000 14.250000
186.350000 14.225000
186.375000 14.225000
186.400000 14.225000
186.425000 14.200000
186.450000 14.200000
186.475000 14.175000
186.500000 14.175000
186.525000 14.175000
186.550000 14.175000
186.575000 14.150000
186.600000 14.150000
186.625000 14.150000
186.650000 14.150000
186.675000 14.125000
186.700000 14.125000
186.725000 14.125000
186.750000 14.100000
186.775000 14.100000
186.800000 14.100000
186.825000 14.075000
186.850000 14.075000
186.875000 14.075000
186.900000 14.075000
186.925000 14.050000
186.950000 14.050000
186.975000 14.050000
187.000000 14.050000
187.025000 14.050000
187.050000 14.025000
187.075000 14.000000
187.100000 14.000000
187.125000 13.975000
187.150000 13.975000
187.175000 13.950000
187.200000 13.950000
187.225000 13.950000
187.250000 13.950000
187.275000 13.925000
187.300000 13.925000
187.325000 13.925000
187.350000 13.925000
187.375000 13.900000
187.400000 13.900000
187.425000 13.900000
187.450000 13.900000
187.475000 13.900000
187.500000 13.875000
187.525000 13.875000
187.550000 13.875000
187.575000 13.875000
187.600000 13.875000
187.625000 13.875000
187.650000 13.850000
187.675000 13.850000
187.700000 13.850000
187.725000 13.825000
187.750000 13.825000
187.775000 13.825000
187.800000 13.825000
187.825000 13.800000
187.850000 13.800000
187.875000 13.775000
187.900000 13.775000
187.925000 13.750000
187.950000 13.750000
187.975000 13.750000
188.000000 13.700000
188.025000 13.650000
188.050000 13.625000
188.075000 13.625000
188.100000 13.625000
188.125000 13.600000
188.150000 13.600000
188.175000 13.600000
188.200000 13.575000
188.225000 13.575000
188.250000 13.575000
188.275000 13.550000
188.300000 13.550000
188.325000 13.550000
188.350000 13.525000
188.375000 13.525000
188.400000 13.525000
188.425000 13.500000
188.450000 13.500000
188.475000 13.500000
188.500000 13.475000
188.525000 13.475000
188.550000 13.450000
188.575000 13.450000
188.600000 13.450000
188.625000 13.425000
188.650000 13.425000
188.675000 13.425000
188.700000 13.425000
188.725000 13.425000
188.750000 13.400000
188.775000 13.400000
188.800000 13.400000
188.825000 13.400000
188.850000 13.400000
188.875000 13.375000
188.900000 13.375000
188.925000 13.375000
188.950000 13.350000
188.975000 13.350000
189.000000 13.325000
189.025000 13.325000
189.050000 13.325000
189.075000 13.325000
189.100000 13.325000
189.125000 13.325000
189.150000 13.300000
189.175000 13.300000
189.200000 13.275000
189.225000 13.275000
189.250000 13.275000
189.275000 13.275000
189.300000 13.250000
189.325000 13.225000
189.350000 13.200000
189.375000 13.200000
189.400000 13.200000
189.425000 13.175000
189.450000 13.175000
189.475000 13.175000
189.500000 13.175000
189.525000 13.175000
189.550000 13.150000
189.575000 13.150000
189.600000 13.150000
189.625000 13.150000
189.650000 13.150000
189.675000 13.150000
189.700000 13.150000
189.725000 13.150000
189.750000 13.150000
189.775000 13.150000
189.800000 13.150000
189.825000 13.125000
189.850000 13.125000
189.875000 13.125000
189.900000 13.125000
189.925000 13.100000
189.950000 13.100000
189.975000 13.100000
190.000000 13.100000
190.025000 13.100000
190.050000 13.100000
190.075000 13.075000
190.100000 13.075000
190.125000 13.075000
190.150000 13.075000
190.175000 13.075000
190.200000 13.075000
190.225000 13.075000
190.250000 13.050000
190.275000 13.050000
190.300000 13.050000
190.325000 13.050000
190.350000 13.050000
190.375000 13.025000
190.400000 13.025000
190.425000 13.025000
190.450000 13.025000
190.475000 13.025000
190.500000 13.025000
190.525000 13.000000
190.550000 13.000000
190.575000 13.000000
190.600000 12.975000
190.625000 12.975000
190.650000 12.950000
190.675000 12.950000
190.700000 12.925000
190.725000 12.925000
190.750000 12.925000
190.775000 12.925000
190.800000 12.925000
190.825000 12.900000
190.850000 12.900000
190.875000 12.900000
190.900000 12.900000
190.925000 12.875000
190.950000 12.875000
190.975000 12.875000
191.000000 12.850000
191.025000 12.850000
191.050000 12.825000
191.075000 12.825000
191.100000 12.825000
191.125000 12.825000
191.150000 12.800000
191.175000 12.800000
191.200000 12.800000
191.225000 12.800000
191.250000 12.775000
191.275000 12.775000
191.300000 12.775000
191.325000 12.750000
191.350000 12.750000
191.375000 12.750000
191.400000 12.750000
191.425000 12.750000
191.450000 12.725000
191.475000 12.725000
191.500000 12.725000
191.525000 12.725000
191.550000 12.700000
191.575000 12.700000
191.600000 12.700000
191.625000 12.675000
191.650000 12.675000
191.675000 12.675000
191.700000 12.675000
191.725000 12.675000
191.750000 12.650000
191.775000 12.650000
191.800000 12.650000
191.825000 12.650000
191.850000 12.625000
191.875000 12.625000
191.900000 12.625000
191.925000 12.625000
191.950000 12.600000
191.975000 12.600000
192.000000 12.600000
192.025000 12.600000
192.050000 12.575000
192.075000 12.575000
192.100000 12.550000
192.125000 12.550000
192.150000 12.525000
192.175000 12.525000
192.200000 12.500000
192.225000 12.500000
192.250000 12.475000
192.275000 12.475000
192.300000 12.475000
192.325000 12.450000
192.350000 12.450000
192.375000 12.425000
192.400000 12.400000
192.425000 12.400000
192.450000 12.375000
192.475000 12.375000
192.500000 12.375000
192.525000 12.350000
192.550000 12.350000
192.575000 12.325000
192.600000 12.325000
192.625000 12.300000
192.650000 12.300000
192.675000 12.275000
192.700000 12.275000
192.725000 12.275000
192.750000 12.250000
192.775000 12.250000
192.800000 12.250000
192.825000 12.225000
192.850000 12.225000
192.875000 12.225000
192.900000 12.200000
192.925000 12.200000
192.950000 12.175000
192.975000 12.175000
193.000000 12.175000
193.025000 12.175000
193.050000 12.150000
193.075000 12.150000
193.100000 12.150000
193.125000 12.125000
193.150000 12.125000
193.175000 12.100000
193.200000 12.100000
193.225000 12.100000
193.250000 12.100000
193.275000 12.075000
193.300000 12.075000
193.325000 12.075000
193.350000 12.050000
193.375000 12.050000
193.400000 12.050000
193.425000 12.025000
193.450000 12.025000
193.475000 12.025000
193.500000 12.000000
193.525000 12.000000
193.550000 11.975000
193.575000 11.975000
193.600000 11.975000
193.625000 11.950000
193.650000 11.950000
193.675000 11.950000
193.700000 11.925000
193.725000 11.925000
193.750000 11.900000
193.775000 11.900000
193.800000 11.875000
193.825000 11.875000
193.850000 11.850000
193.875000 11.850000
193.900000 11.825000
193.925000 11.825000
193.950000 11.825000
193.975000 11.800000
194.000000 11.775000
194.025000 11.775000
194.050000 11.750000
194.075000 11.750000
194.100000 11.725000
194.125000 11.700000
194.150000 11.700000
194.175000 11.675000
194.200000 11.650000
194.225000 11.625000
194.250000 11.625000
194.275000 11.600000
194.300000 11.575000
194.325000 11.575000
194.350000 11.550000
194.375000 11.550000
194.400000 11.525000
194.425000 11.525000
194.450000 11.500000
194.475000 11.475000
194.500000 11.450000
194.525000 11.450000
194.550000 11.425000
194.575000 11.400000
194.600000 11.400000
194.625000 11.375000
194.650000 11.375000
194.675000 11.350000
194.700000 11.325000
194.725000 11.325000
194.750000 11.300000
194.775000 11.300000
194.800000 11.275000
194.825000 11.275000
194.850000 11.250000
194.875000 11.250000
194.900000 11.225000
194.925000 11.225000
194.950000 11.200000
194.975000 11.175000
195.000000 11.175000
195.025000 11.150000
195.050000 11.125000
195.075000 11.125000
195.100000 11.100000
195.125000 11.100000
195.150000 11.100000
195.175000 11.075000
195.200000 11.075000
195.225000 11.050000
195.250000 11.050000
195.275000 11.025000
195.300000 11.025000
195.325000 11.000000
195.350000 11.000000
195.375000 11.000000
195.400000 10.975000
195.425000 10.975000
195.450000 10.950000
195.475000 10.950000
195.500000 10.925000
195.525000 10.925000
195.550000 10.900000
195.575000 10.900000
195.600000 10.875000
195.625000 10.875000
195.650000 10.850000
195.675000 10.850000
195.700000 10.825000
195.725000 10.825000
195.750000 10.825000
195.775000 10.800000
195.800000 10.800000
195.825000 10.800000
195.850000 10.775000
195.875000 10.775000
195.900000 10.750000
195.925000 10.750000
195.950000 10.725000
195.975000 10.725000
196.000000 10.700000
196.025000 10.700000
196.050000 10.675000
196.075000 10.675000
196.100000 10.650000
196.125000 10.650000
196.150000 10.650000
196.175000 10.625000
196.200000 10.625000
196.225000 10.600000
196.250000 10.600000
196.275000 10.575000
196.300000 10.575000
196.325000 10.550000
196.350000 10.550000
196.375000 10.550000
196.400000 10.525000
196.425000 10.525000
196.450000 10.525000
196.475000 10.500000
196.500000 10.500000
196.525000 10.475000
196.550000 10.475000
196.575000 10.475000
196.600000 10.450000
196.625000 10.450000
196.650000 10.450000
196.675000 10.450000
196.700000 10.425000
196.725000 10.425000
196.750000 10.400000
196.775000 10.400000
196.800000 10.400000
196.825000 10.400000
196.850000 10.375000
196.875000 10.375000
196.900000 10.375000
196.925000 10.350000
196.950000 10.350000
196.975000 10.325000
197.000000 10.325000
197.025000 10.300000
197.050000 10.300000
197.075000 10.300000
197.100000 10.275000
197.125000 10.275000
197.150000 10.275000
197.175000 10.275000
197.200000 10.250000
197.225000 10.250000
197.250000 10.225000
197.275000 10.225000
197.300000 10.200000
197.325000 10.200000
197.350000 10.175000
197.375000 10.175000
197.400000 10.175000
197.425000 10.175000
197.450000 10.150000
197.475000 10.125000
197.500000 10.125000
197.525000 10.100000
197.550000 10.100000
197.575000 10.100000
197.600000 10.075000
197.625000 10.075000
197.650000 10.075000
197.675000 10.075000
197.700000 10.075000
197.725000 10.075000
197.750000 10.050000
197.775000 10.050000
197.800000 10.025000
197.825000 10.025000
197.850000 10.025000
197.875000 10.000000
197.900000 10.000000
197.925000 10.000000
197.950000 9.975000
197.975000 9.975000
198.000000 9.950000
198.025000 9.950000
198.050000 9.950000
198.075000 9.950000
198.100000 9.925000
198.125000 9.925000
198.150000 9.925000
198.175000 9.925000
198.200000 9.900000
198.225000 9.900000
198.250000 9.875000
198.275000 9.875000
198.300000 9.875000
198.325000 9.850000
198.350000 9.850000
198.375000 9.850000
198.400000 9.825000
198.425000 9.825000
198.450000 9.825000
198.475000 9.825000
198.500000 9.800000
198.525000 9.800000
198.550000 9.775000
198.575000 9.775000
198.600000 9.775000
198.625000 9.750000
198.650000 9.750000
198.675000 9.725000
198.700000 9.725000
198.725000 9.725000
198.750000 9.700000
198.775000 9.700000
198.800000 9.675000
198.825000 9.675000
198.850000 9.650000
198.875000 9.650000
198.900000 9.625000
198.925000 9.625000
198.950000 9.600000
198.975000 9.600000
199.000000 9.575000
199.025000 9.575000
199.050000 9.550000
199.075000 9.550000
199.100000 9.525000
199.125000 9.525000
199.150000 9.525000
199.175000 9.500000
199.200000 9.475000
199.225000 9.475000
199.250000 9.450000
199.275000 9.450000
199.300000 9.425000
199.325000 9.425000
199.350000 9.425000
199.375000 9.400000
199.400000 9.400000
199.425000 9.375000
199.450000 9.375000
199.475000 9.350000
199.500000 9.350000
199.525000 9.350000
199.550000 9.350000
199.575000 9.350000
199.600000 9.325000
199.625000 9.325000
199.650000 9.300000
199.675000 9.300000
199.700000 9.300000
199.725000 9.300000
199.750000 9.275000
199.775000 9.275000
199.800000 9.250000
199.825000 9.250000
199.850000 9.250000
199.875000 9.250000
199.900000 9.225000
199.925000 9.225000
199.950000 9.225000
199.975000 9.200000
