243471.000000 5648357.000000
226.000000 2.000000
226.000000 175.000000
160.000000 6.637500
160.007500 6.637500
160.015000 6.645000
160.022500 6.645000
160.030000 6.645000
160.037500 6.645000
160.045000 6.652500
160.052500 6.652500
160.060000 6.652500
160.067500 6.660000
160.075000 6.660000
160.082500 6.660000
160.090000 6.660000
160.097500 6.667500
160.105000 6.667500
160.112500 6.667500
160.120000 6.675000
160.127500 6.675000
160.135000 6.675000
160.142500 6.675000
160.150000 6.675000
160.157500 6.682500
160.165000 6.682500
160.172500 6.682500
160.180000 6.690000
160.187500 6.690000
160.195000 6.690000
160.202500 6.690000
160.210000 6.690000
160.217500 6.697500
160.225000 6.697500
160.232500 6.697500
160.240000 6.697500
160.247500 6.697500
160.255000 6.697500
160.262500 6.705000
160.270000 6.705000
160.277500 6.705000
160.285000 6.705000
160.292500 6.712500
160.300000 6.712500
160.307500 6.712500
160.315000 6.712500
160.322500 6.720000
160.330000 6.720000
160.337500 6.720000
160.345000 6.727500
160.352500 6.727500
160.360000 6.727500
160.367500 6.735000
160.375000 6.735000
160.382500 6.735000
160.390000 6.735000
160.397500 6.742500
160.405000 6.742500
160.412500 6.742500
160.420000 6.750000
160.427500 6.750000
160.435000 6.750000
160.442500 6.757500
160.450000 6.757500
160.457500 6.757500
160.465000 6.757500
160.472500 6.765000
160.480000 6.765000
160.487500 6.765000
160.495000 6.772500
160.502500 6.772500
160.510000 6.772500
160.517500 6.780000
160.525000 6.780000
160.532500 6.780000
160.540000 6.780000
160.547500 6.787500
160.555000 6.787500
160.562500 6.787500
160.570000 6.795000
160.577500 6.795000
160.585000 6.795000
160.592500 6.795000
160.600000 6.802500
160.607500 6.802500
160.615000 6.802500
160.622500 6.810000
160.630000 6.810000
160.637500 6.810000
160.645000 6.810000
160.652500 6.817500
160.660000 6.817500
160.667500 6.817500
160.675000 6.825000
160.682500 6.825000
160.690000 6.825000
160.697500 6.825000
160.705000 6.832500
160.712500 6.832500
160.720000 6.832500
160.727500 6.840000
160.735000 6.840000
160.742500 6.847500
160.750000 6.847500
160.757500 6.847500
160.765000 6.855000
160.772500 6.855000
160.780000 6.862500
160.787500 6.862500
160.795000 6.870000
160.802500 6.870000
160.810000 6.870000
160.817500 6.877500
160.825000 6.877500
160.832500 6.877500
160.840000 6.877500
160.847500 6.877500
160.855000 6.877500
160.862500 6.885000
160.870000 6.885000
160.877500 6.885000
160.885000 6.885000
160.892500 6.885000
160.900000 6.885000
160.907500 6.885000
160.915000 6.885000
160.922500 6.885000
160.930000 6.885000
160.937500 6.885000
160.945000 6.885000
160.952500 6.885000
160.960000 6.885000
160.967500 6.885000
160.975000 6.885000
160.982500 6.885000
160.990000 6.885000
160.997500 6.885000
161.005000 6.885000
161.012500 6.885000
161.020000 6.885000
161.027500 6.885000
161.035000 6.885000
161.042500 6.885000
161.050000 6.885000
161.057500 6.885000
161.065000 6.885000
161.072500 6.885000
161.080000 6.892500
161.087500 6.892500
161.095000 6.892500
161.102500 6.892500
161.110000 6.892500
161.117500 6.892500
161.125000 6.892500
161.132500 6.900000
161.140000 6.900000
161.147500 6.900000
161.155000 6.900000
161.162500 6.900000
161.170000 6.900000
161.177500 6.900000
161.185000 6.900000
161.192500 6.907500
161.200000 6.907500
161.207500 6.907500
161.215000 6.907500
161.222500 6.907500
161.230000 6.907500
161.237500 6.915000
161.245000 6.915000
161.252500 6.915000
161.260000 6.915000
161.267500 6.915000
161.275000 6.915000
161.282500 6.915000
161.290000 6.922500
161.297500 6.922500
161.305000 6.922500
161.312500 6.922500
161.320000 6.922500
161.327500 6.922500
161.335000 6.922500
161.342500 6.930000
161.350000 6.930000
161.357500 6.930000
161.365000 6.930000
161.372500 6.930000
161.380000 6.930000
161.387500 6.930000
161.395000 6.930000
161.402500 6.937500
161.410000 6.937500
161.417500 6.937500
161.425000 6.937500
161.432500 6.937500
161.440000 6.945000
161.447500 6.945000
161.455000 6.945000
161.462500 6.945000
161.470000 6.945000
161.477500 6.952500
161.485000 6.952500
161.492500 6.952500
161.500000 6.952500
161.507500 6.952500
161.515000 6.960000
161.522500 6.960000
161.530000 6.960000
161.537500 6.960000
161.545000 6.960000
161.552500 6.960000
161.560000 6.960000
161.567500 6.967500
161.575000 6.967500
161.582500 6.967500
161.590000 6.967500
161.597500 6.967500
161.605000 6.975000
161.612500 6.975000
161.620000 6.975000
161.627500 6.975000
161.635000 6.975000
161.642500 6.975000
161.650000 6.982500
161.657500 6.982500
161.665000 6.982500
161.672500 6.990000
161.680000 6.990000
161.687500 6.990000
161.695000 6.990000
161.702500 6.990000
161.710000 6.990000
161.717500 6.990000
161.725000 6.997500
161.732500 6.997500
161.740000 6.997500
161.747500 6.997500
161.755000 6.997500
161.762500 6.997500
161.770000 6.997500
161.777500 7.005000
161.785000 7.005000
161.792500 7.005000
161.800000 7.005000
161.807500 7.005000
161.815000 7.012500
161.822500 7.012500
161.830000 7.012500
161.837500 7.012500
161.845000 7.020000
161.852500 7.020000
161.860000 7.020000
161.867500 7.020000
161.875000 7.020000
161.882500 7.027500
161.890000 7.027500
161.897500 7.027500
161.905000 7.027500
161.912500 7.027500
161.920000 7.035000
161.927500 7.035000
161.935000 7.035000
161.942500 7.035000
161.950000 7.042500
161.957500 7.042500
161.965000 7.042500
161.972500 7.042500
161.980000 7.050000
161.987500 7.050000
161.995000 7.050000
162.002500 7.050000
162.010000 7.050000
162.017500 7.050000
162.025000 7.057500
162.032500 7.057500
162.040000 7.057500
162.047500 7.057500
162.055000 7.065000
162.062500 7.065000
162.070000 7.065000
162.077500 7.065000
162.085000 7.072500
162.092500 7.072500
162.100000 7.072500
162.107500 7.072500
162.115000 7.072500
162.122500 7.080000
162.130000 7.080000
162.137500 7.080000
162.145000 7.080000
162.152500 7.087500
162.160000 7.087500
162.167500 7.087500
162.175000 7.087500
162.182500 7.087500
162.190000 7.087500
162.197500 7.095000
162.205000 7.095000
162.212500 7.095000
162.220000 7.095000
162.227500 7.095000
162.235000 7.102500
162.242500 7.102500
162.250000 7.102500
162.257500 7.102500
162.265000 7.110000
162.272500 7.110000
162.280000 7.110000
162.287500 7.110000
162.295000 7.110000
162.302500 7.117500
162.310000 7.117500
162.317500 7.117500
162.325000 7.117500
162.332500 7.117500
162.340000 7.125000
162.347500 7.125000
162.355000 7.125000
162.362500 7.132500
162.370000 7.132500
162.377500 7.132500
162.385000 7.132500
162.392500 7.140000
162.400000 7.140000
162.407500 7.140000
162.415000 7.140000
162.422500 7.147500
162.430000 7.147500
162.437500 7.147500
162.445000 7.155000
162.452500 7.155000
162.460000 7.155000
162.467500 7.155000
162.475000 7.162500
162.482500 7.162500
162.490000 7.162500
162.497500 7.162500
162.505000 7.170000
162.512500 7.170000
162.520000 7.170000
162.527500 7.177500
162.535000 7.177500
162.542500 7.177500
162.550000 7.177500
162.557500 7.185000
162.565000 7.185000
162.572500 7.185000
162.580000 7.192500
162.587500 7.192500
162.595000 7.192500
162.602500 7.192500
162.610000 7.200000
162.617500 7.200000
162.625000 7.200000
162.632500 7.200000
162.640000 7.207500
162.647500 7.207500
162.655000 7.207500
162.662500 7.215000
162.670000 7.215000
162.677500 7.215000
162.685000 7.215000
162.692500 7.222500
162.700000 7.222500
162.707500 7.222500
162.715000 7.230000
162.722500 7.230000
162.730000 7.230000
162.737500 7.237500
162.745000 7.237500
162.752500 7.237500
162.760000 7.245000
162.767500 7.245000
162.775000 7.245000
162.782500 7.245000
162.790000 7.252500
162.797500 7.252500
162.805000 7.252500
162.812500 7.260000
162.820000 7.260000
162.827500 7.260000
162.835000 7.260000
162.842500 7.267500
162.850000 7.267500
162.857500 7.267500
162.865000 7.275000
162.872500 7.275000
162.880000 7.275000
162.887500 7.282500
162.895000 7.282500
162.902500 7.282500
162.910000 7.282500
162.917500 7.290000
162.925000 7.290000
162.932500 7.290000
162.940000 7.297500
162.947500 7.297500
162.955000 7.297500
162.962500 7.305000
162.970000 7.305000
162.977500 7.305000
162.985000 7.312500
162.992500 7.312500
163.000000 7.312500
163.007500 7.312500
163.015000 7.320000
163.022500 7.320000
163.030000 7.320000
163.037500 7.327500
163.045000 7.327500
163.052500 7.327500
163.060000 7.327500
163.067500 7.335000
163.075000 7.335000
163.082500 7.335000
163.090000 7.335000
163.097500 7.342500
163.105000 7.342500
163.112500 7.342500
163.120000 7.342500
163.127500 7.350000
163.135000 7.350000
163.142500 7.350000
163.150000 7.357500
163.157500 7.357500
163.165000 7.365000
163.172500 7.365000
163.180000 7.365000
163.187500 7.372500
163.195000 7.372500
163.202500 7.372500
163.210000 7.372500
163.217500 7.372500
163.225000 7.380000
163.232500 7.380000
163.240000 7.380000
163.247500 7.380000
163.255000 7.380000
163.262500 7.380000
163.270000 7.380000
163.277500 7.387500
163.285000 7.387500
163.292500 7.387500
163.300000 7.387500
163.307500 7.395000
163.315000 7.395000
163.322500 7.395000
163.330000 7.402500
163.337500 7.402500
163.345000 7.402500
163.352500 7.402500
163.360000 7.410000
163.367500 7.410000
163.375000 7.410000
163.382500 7.410000
163.390000 7.410000
163.397500 7.417500
163.405000 7.417500
163.412500 7.417500
163.420000 7.425000
163.427500 7.425000
163.435000 7.425000
163.442500 7.425000
163.450000 7.425000
163.457500 7.432500
163.465000 7.432500
163.472500 7.432500
163.480000 7.432500
163.487500 7.440000
163.495000 7.440000
163.502500 7.440000
163.510000 7.440000
163.517500 7.447500
163.525000 7.447500
163.532500 7.447500
163.540000 7.455000
163.547500 7.455000
163.555000 7.455000
163.562500 7.462500
163.570000 7.462500
163.577500 7.462500
163.585000 7.462500
163.592500 7.470000
163.600000 7.470000
163.607500 7.470000
163.615000 7.477500
163.622500 7.477500
163.630000 7.477500
163.637500 7.485000
163.645000 7.485000
163.652500 7.485000
163.660000 7.492500
163.667500 7.492500
163.675000 7.500000
163.682500 7.500000
163.690000 7.500000
163.697500 7.507500
163.705000 7.507500
163.712500 7.515000
163.720000 7.515000
163.727500 7.522500
163.735000 7.522500
163.742500 7.522500
163.750000 7.530000
163.757500 7.530000
163.765000 7.537500
163.772500 7.537500
163.780000 7.537500
163.787500 7.545000
163.795000 7.545000
163.802500 7.552500
163.810000 7.552500
163.817500 7.560000
163.825000 7.560000
163.832500 7.560000
163.840000 7.567500
163.847500 7.567500
163.855000 7.575000
163.862500 7.575000
163.870000 7.575000
163.877500 7.582500
163.885000 7.582500
163.892500 7.590000
163.900000 7.590000
163.907500 7.590000
163.915000 7.597500
163.922500 7.597500
163.930000 7.605000
163.937500 7.605000
163.945000 7.605000
163.952500 7.612500
163.960000 7.612500
163.967500 7.620000
163.975000 7.620000
163.982500 7.627500
163.990000 7.627500
163.997500 7.627500
164.005000 7.635000
164.012500 7.635000
164.020000 7.642500
164.027500 7.642500
164.035000 7.642500
164.042500 7.650000
164.050000 7.650000
164.057500 7.657500
164.065000 7.657500
164.072500 7.665000
164.080000 7.665000
164.087500 7.665000
164.095000 7.672500
164.102500 7.672500
164.110000 7.680000
164.117500 7.680000
164.125000 7.680000
164.132500 7.687500
164.140000 7.687500
164.147500 7.695000
164.155000 7.695000
164.162500 7.695000
164.170000 7.702500
164.177500 7.702500
164.185000 7.710000
164.192500 7.710000
164.200000 7.717500
164.207500 7.717500
164.215000 7.717500
164.222500 7.725000
164.230000 7.725000
164.237500 7.732500
164.245000 7.732500
164.252500 7.732500
164.260000 7.740000
164.267500 7.740000
164.275000 7.747500
164.282500 7.747500
164.290000 7.747500
164.297500 7.755000
164.305000 7.755000
164.312500 7.762500
164.320000 7.762500
164.327500 7.762500
164.335000 7.770000
164.342500 7.770000
164.350000 7.777500
164.357500 7.777500
164.365000 7.777500
164.372500 7.785000
164.380000 7.785000
164.387500 7.792500
164.395000 7.792500
164.402500 7.792500
164.410000 7.800000
164.417500 7.800000
164.425000 7.807500
164.432500 7.807500
164.440000 7.807500
164.447500 7.815000
164.455000 7.815000
164.462500 7.822500
164.470000 7.822500
164.477500 7.822500
164.485000 7.830000
164.492500 7.830000
164.500000 7.830000
164.507500 7.837500
164.515000 7.837500
164.522500 7.845000
164.530000 7.845000
164.537500 7.845000
164.545000 7.852500
164.552500 7.852500
164.560000 7.860000
164.567500 7.860000
164.575000 7.860000
164.582500 7.867500
164.590000 7.867500
164.597500 7.867500
164.605000 7.875000
164.612500 7.875000
164.620000 7.882500
164.627500 7.882500
164.635000 7.882500
164.642500 7.890000
164.650000 7.890000
164.657500 7.890000
164.665000 7.897500
164.672500 7.897500
164.680000 7.905000
164.687500 7.905000
164.695000 7.905000
164.702500 7.912500
164.710000 7.912500
164.717500 7.912500
164.725000 7.920000
164.732500 7.920000
164.740000 7.920000
164.747500 7.927500
164.755000 7.927500
164.762500 7.927500
164.770000 7.935000
164.777500 7.935000
164.785000 7.942500
164.792500 7.942500
164.800000 7.942500
164.807500 7.950000
164.815000 7.950000
164.822500 7.950000
164.830000 7.957500
164.837500 7.957500
164.845000 7.957500
164.852500 7.965000
164.860000 7.965000
164.867500 7.972500
164.875000 7.972500
164.882500 7.972500
164.890000 7.980000
164.897500 7.980000
164.905000 7.980000
164.912500 7.987500
164.920000 7.987500
164.927500 7.987500
164.935000 7.995000
164.942500 7.995000
164.950000 7.995000
164.957500 8.002500
164.965000 8.002500
164.972500 8.010000
164.980000 8.010000
164.987500 8.010000
164.995000 8.017500
165.002500 8.017500
165.010000 8.017500
165.017500 8.025000
165.025000 8.025000
165.032500 8.025000
165.040000 8.032500
165.047500 8.032500
165.055000 8.032500
165.062500 8.040000
165.070000 8.040000
165.077500 8.040000
165.085000 8.047500
165.092500 8.047500
165.100000 8.047500
165.107500 8.055000
165.115000 8.055000
165.122500 8.062500
165.130000 8.062500
165.137500 8.062500
165.145000 8.070000
165.152500 8.070000
165.160000 8.077500
165.167500 8.077500
165.175000 8.077500
165.182500 8.085000
165.190000 8.085000
165.197500 8.092500
165.205000 8.092500
165.212500 8.092500
165.220000 8.100000
165.227500 8.100000
165.235000 8.100000
165.242500 8.100000
165.250000 8.107500
165.257500 8.107500
165.265000 8.115000
165.272500 8.115000
165.280000 8.115000
165.287500 8.122500
165.295000 8.122500
165.302500 8.122500
165.310000 8.130000
165.317500 8.130000
165.325000 8.137500
165.332500 8.137500
165.340000 8.137500
165.347500 8.145000
165.355000 8.145000
165.362500 8.145000
165.370000 8.152500
165.377500 8.152500
165.385000 8.152500
165.392500 8.160000
165.400000 8.167500
165.407500 8.167500
165.415000 8.175000
165.422500 8.175000
165.430000 8.175000
165.437500 8.182500
165.445000 8.182500
165.452500 8.182500
165.460000 8.182500
165.467500 8.190000
165.475000 8.190000
165.482500 8.190000
165.490000 8.197500
165.497500 8.205000
165.505000 8.205000
165.512500 8.205000
165.520000 8.212500
165.527500 8.212500
165.535000 8.212500
165.542500 8.220000
165.550000 8.220000
165.557500 8.220000
165.565000 8.227500
165.572500 8.227500
165.580000 8.227500
165.587500 8.235000
165.595000 8.235000
165.602500 8.235000
165.610000 8.242500
165.617500 8.242500
165.625000 8.242500
165.632500 8.250000
165.640000 8.250000
165.647500 8.257500
165.655000 8.257500
165.662500 8.257500
165.670000 8.265000
165.677500 8.265000
165.685000 8.272500
165.692500 8.272500
165.700000 8.280000
165.707500 8.280000
165.715000 8.280000
165.722500 8.287500
165.730000 8.287500
165.737500 8.295000
165.745000 8.295000
165.752500 8.302500
165.760000 8.302500
165.767500 8.302500
165.775000 8.310000
165.782500 8.310000
165.790000 8.317500
165.797500 8.317500
165.805000 8.317500
165.812500 8.325000
165.820000 8.325000
165.827500 8.332500
165.835000 8.332500
165.842500 8.340000
165.850000 8.340000
165.857500 8.340000
165.865000 8.347500
165.872500 8.347500
165.880000 8.355000
165.887500 8.355000
165.895000 8.362500
165.902500 8.362500
165.910000 8.370000
165.917500 8.370000
165.925000 8.370000
165.932500 8.377500
165.940000 8.377500
165.947500 8.385000
165.955000 8.385000
165.962500 8.392500
165.970000 8.392500
165.977500 8.400000
165.985000 8.400000
165.992500 8.407500
166.000000 8.407500
166.007500 8.407500
166.015000 8.415000
166.022500 8.415000
166.030000 8.422500
166.037500 8.422500
166.045000 8.430000
166.052500 8.430000
166.060000 8.437500
166.067500 8.437500
166.075000 8.445000
166.082500 8.445000
166.090000 8.452500
166.097500 8.452500
166.105000 8.460000
166.112500 8.460000
166.120000 8.467500
166.127500 8.467500
166.135000 8.467500
166.142500 8.475000
166.150000 8.475000
166.157500 8.482500
166.165000 8.482500
166.172500 8.490000
166.180000 8.490000
166.187500 8.497500
166.195000 8.497500
166.202500 8.505000
166.210000 8.505000
166.217500 8.512500
166.225000 8.512500
166.232500 8.520000
166.240000 8.520000
166.247500 8.527500
166.255000 8.527500
166.262500 8.535000
166.270000 8.535000
166.277500 8.542500
166.285000 8.542500
166.292500 8.550000
166.300000 8.550000
166.307500 8.557500
166.315000 8.557500
166.322500 8.565000
166.330000 8.565000
166.337500 8.572500
166.345000 8.572500
166.352500 8.580000
166.360000 8.580000
166.367500 8.587500
166.375000 8.595000
166.382500 8.595000
166.390000 8.602500
166.397500 8.602500
166.405000 8.610000
166.412500 8.610000
166.420000 8.617500
166.427500 8.625000
166.435000 8.625000
166.442500 8.632500
166.450000 8.632500
166.457500 8.640000
166.465000 8.640000
166.472500 8.647500
166.480000 8.655000
166.487500 8.655000
166.495000 8.662500
166.502500 8.662500
166.510000 8.670000
166.517500 8.677500
166.525000 8.677500
166.532500 8.685000
166.540000 8.692500
166.547500 8.692500
166.555000 8.700000
166.562500 8.707500
166.570000 8.707500
166.577500 8.715000
166.585000 8.722500
166.592500 8.722500
166.600000 8.730000
166.607500 8.737500
166.615000 8.745000
166.622500 8.752500
166.630000 8.752500
166.637500 8.760000
166.645000 8.767500
166.652500 8.767500
166.660000 8.775000
166.667500 8.782500
166.675000 8.782500
166.682500 8.790000
166.690000 8.797500
166.697500 8.797500
166.705000 8.805000
166.712500 8.812500
166.720000 8.820000
166.727500 8.820000
166.735000 8.827500
166.742500 8.827500
166.750000 8.835000
166.757500 8.842500
166.765000 8.842500
166.772500 8.850000
166.780000 8.857500
166.787500 8.865000
166.795000 8.865000
166.802500 8.872500
166.810000 8.880000
166.817500 8.880000
166.825000 8.887500
166.832500 8.895000
166.840000 8.902500
166.847500 8.902500
166.855000 8.910000
166.862500 8.917500
166.870000 8.925000
166.877500 8.925000
166.885000 8.932500
166.892500 8.940000
166.900000 8.940000
166.907500 8.947500
166.915000 8.955000
166.922500 8.962500
166.930000 8.962500
166.937500 8.970000
166.945000 8.977500
166.952500 8.985000
166.960000 8.985000
166.967500 8.992500
166.975000 9.000000
166.982500 9.000000
166.990000 9.007500
166.997500 9.007500
167.005000 9.015000
167.012500 9.022500
167.020000 9.030000
167.027500 9.030000
167.035000 9.037500
167.042500 9.045000
167.050000 9.052500
167.057500 9.060000
167.065000 9.060000
167.072500 9.067500
167.080000 9.082500
167.087500 9.082500
167.095000 9.090000
167.102500 9.097500
167.110000 9.105000
167.117500 9.105000
167.125000 9.112500
167.132500 9.112500
167.140000 9.120000
167.147500 9.127500
167.155000 9.135000
167.162500 9.142500
167.170000 9.150000
167.177500 9.157500
167.185000 9.165000
167.192500 9.172500
167.200000 9.172500
167.207500 9.180000
167.215000 9.187500
167.222500 9.195000
167.230000 9.202500
167.237500 9.202500
167.245000 9.210000
167.252500 9.217500
167.260000 9.225000
167.267500 9.232500
167.275000 9.240000
167.282500 9.240000
167.290000 9.247500
167.297500 9.247500
167.305000 9.255000
167.312500 9.255000
167.320000 9.262500
167.327500 9.262500
167.335000 9.270000
167.342500 9.270000
167.350000 9.262500
167.357500 9.262500
167.365000 9.270000
167.372500 9.270000
167.380000 9.270000
167.387500 9.270000
167.395000 9.270000
167.402500 9.270000
167.410000 9.270000
167.417500 9.270000
167.425000 9.270000
167.432500 9.270000
167.440000 9.270000
167.447500 9.270000
167.455000 9.270000
167.462500 9.262500
167.470000 9.262500
167.477500 9.262500
167.485000 9.262500
167.492500 9.262500
167.500000 9.262500
167.507500 9.262500
167.515000 9.262500
167.522500 9.262500
167.530000 9.262500
167.537500 9.262500
167.545000 9.262500
167.552500 9.262500
167.560000 9.262500
167.567500 9.262500
167.575000 9.270000
167.582500 9.270000
167.590000 9.270000
167.597500 9.270000
167.605000 9.270000
167.612500 9.270000
167.620000 9.270000
167.627500 9.277500
167.635000 9.277500
167.642500 9.277500
167.650000 9.277500
167.657500 9.277500
167.665000 9.277500
167.672500 9.270000
167.680000 9.262500
167.687500 9.262500
167.695000 9.262500
167.702500 9.262500
167.710000 9.262500
167.717500 9.270000
167.725000 9.270000
167.732500 9.270000
167.740000 9.270000
167.747500 9.270000
167.755000 9.270000
167.762500 9.270000
167.770000 9.277500
167.777500 9.277500
167.785000 9.277500
167.792500 9.277500
167.800000 9.277500
167.807500 9.270000
167.815000 9.277500
167.822500 9.277500
167.830000 9.270000
167.837500 9.277500
167.845000 9.277500
167.852500 9.277500
167.860000 9.277500
167.867500 9.277500
167.875000 9.277500
167.882500 9.277500
167.890000 9.277500
167.897500 9.277500
167.905000 9.277500
167.912500 9.285000
167.920000 9.285000
167.927500 9.285000
167.935000 9.285000
167.942500 9.285000
167.950000 9.285000
167.957500 9.292500
167.965000 9.292500
167.972500 9.292500
167.980000 9.285000
167.987500 9.285000
167.995000 9.285000
168.002500 9.285000
168.010000 9.277500
168.017500 9.270000
168.025000 9.270000
168.032500 9.270000
168.040000 9.262500
168.047500 9.262500
168.055000 9.262500
168.062500 9.262500
168.070000 9.262500
168.077500 9.262500
168.085000 9.262500
168.092500 9.262500
168.100000 9.262500
168.107500 9.262500
168.115000 9.255000
168.122500 9.255000
168.130000 9.247500
168.137500 9.240000
168.145000 9.240000
168.152500 9.232500
168.160000 9.225000
168.167500 9.217500
168.175000 9.217500
168.182500 9.210000
168.190000 9.210000
168.197500 9.202500
168.205000 9.202500
168.212500 9.195000
168.220000 9.187500
168.227500 9.187500
168.235000 9.180000
168.242500 9.172500
168.250000 9.165000
168.257500 9.165000
168.265000 9.157500
168.272500 9.150000
168.280000 9.150000
168.287500 9.142500
168.295000 9.135000
168.302500 9.127500
168.310000 9.127500
168.317500 9.120000
168.325000 9.112500
168.332500 9.112500
168.340000 9.105000
168.347500 9.105000
168.355000 9.097500
168.362500 9.097500
168.370000 9.090000
168.377500 9.090000
168.385000 9.082500
168.392500 9.075000
168.400000 9.075000
168.407500 9.067500
168.415000 9.060000
168.422500 9.060000
168.430000 9.052500
168.437500 9.045000
168.445000 9.045000
168.452500 9.037500
168.460000 9.030000
168.467500 9.030000
168.475000 9.022500
168.482500 9.015000
168.490000 9.015000
168.497500 9.007500
168.505000 9.000000
168.512500 9.000000
168.520000 8.992500
168.527500 8.985000
168.535000 8.977500
168.542500 8.970000
168.550000 8.970000
168.557500 8.962500
168.565000 8.955000
168.572500 8.955000
168.580000 8.947500
168.587500 8.940000
168.595000 8.940000
168.602500 8.932500
168.610000 8.925000
168.617500 8.925000
168.625000 8.917500
168.632500 8.917500
168.640000 8.910000
168.647500 8.902500
168.655000 8.902500
168.662500 8.895000
168.670000 8.887500
168.677500 8.887500
168.685000 8.880000
168.692500 8.872500
168.700000 8.872500
168.707500 8.872500
168.715000 8.865000
168.722500 8.857500
168.730000 8.850000
168.737500 8.842500
168.745000 8.842500
168.752500 8.835000
168.760000 8.835000
168.767500 8.827500
168.775000 8.827500
168.782500 8.820000
168.790000 8.812500
168.797500 8.812500
168.805000 8.805000
168.812500 8.797500
168.820000 8.790000
168.827500 8.782500
168.835000 8.782500
168.842500 8.775000
168.850000 8.775000
168.857500 8.775000
168.865000 8.767500
168.872500 8.760000
168.880000 8.760000
168.887500 8.752500
168.895000 8.745000
168.902500 8.745000
168.910000 8.745000
168.917500 8.737500
168.925000 8.737500
168.932500 8.730000
168.940000 8.722500
168.947500 8.715000
168.955000 8.707500
168.962500 8.707500
168.970000 8.700000
168.977500 8.692500
168.985000 8.692500
168.992500 8.685000
169.000000 8.685000
169.007500 8.677500
169.015000 8.670000
169.022500 8.662500
169.030000 8.655000
169.037500 8.655000
169.045000 8.647500
169.052500 8.647500
169.060000 8.640000
169.067500 8.632500
169.075000 8.625000
169.082500 8.625000
169.090000 8.617500
169.097500 8.617500
169.105000 8.610000
169.112500 8.602500
169.120000 8.602500
169.127500 8.595000
169.135000 8.595000
169.142500 8.587500
169.150000 8.580000
169.157500 8.572500
169.165000 8.572500
169.172500 8.565000
169.180000 8.565000
169.187500 8.557500
169.195000 8.550000
169.202500 8.550000
169.210000 8.542500
169.217500 8.542500
169.225000 8.535000
169.232500 8.535000
169.240000 8.527500
169.247500 8.527500
169.255000 8.520000
169.262500 8.512500
169.270000 8.512500
169.277500 8.505000
169.285000 8.505000
169.292500 8.497500
169.300000 8.490000
169.307500 8.490000
169.315000 8.482500
169.322500 8.482500
169.330000 8.475000
169.337500 8.467500
169.345000 8.467500
169.352500 8.460000
169.360000 8.452500
169.367500 8.452500
169.375000 8.445000
169.382500 8.437500
169.390000 8.437500
169.397500 8.430000
169.405000 8.422500
169.412500 8.422500
169.420000 8.415000
169.427500 8.415000
169.435000 8.407500
169.442500 8.407500
169.450000 8.400000
169.457500 8.392500
169.465000 8.392500
169.472500 8.392500
169.480000 8.385000
169.487500 8.385000
169.495000 8.377500
169.502500 8.377500
169.510000 8.370000
169.517500 8.370000
169.525000 8.362500
169.532500 8.362500
169.540000 8.355000
169.547500 8.355000
169.555000 8.347500
169.562500 8.340000
169.570000 8.340000
169.577500 8.340000
169.585000 8.332500
169.592500 8.332500
169.600000 8.325000
169.607500 8.325000
169.615000 8.317500
169.622500 8.317500
169.630000 8.310000
169.637500 8.310000
169.645000 8.302500
169.652500 8.302500
169.660000 8.302500
169.667500 8.295000
169.675000 8.295000
169.682500 8.287500
169.690000 8.287500
169.697500 8.280000
169.705000 8.280000
169.712500 8.272500
169.720000 8.272500
169.727500 8.272500
169.735000 8.265000
169.742500 8.257500
169.750000 8.257500
169.757500 8.257500
169.765000 8.250000
169.772500 8.250000
169.780000 8.250000
169.787500 8.250000
169.795000 8.242500
169.802500 8.242500
169.810000 8.235000
169.817500 8.227500
169.825000 8.227500
169.832500 8.220000
169.840000 8.220000
169.847500 8.220000
169.855000 8.212500
169.862500 8.205000
169.870000 8.205000
169.877500 8.197500
169.885000 8.197500
169.892500 8.197500
169.900000 8.190000
169.907500 8.182500
169.915000 8.182500
169.922500 8.175000
169.930000 8.175000
169.937500 8.175000
169.945000 8.175000
169.952500 8.167500
169.960000 8.160000
169.967500 8.152500
169.975000 8.145000
169.982500 8.145000
169.990000 8.137500
169.997500 8.137500
170.005000 8.130000
170.012500 8.130000
170.020000 8.122500
170.027500 8.122500
170.035000 8.122500
170.042500 8.115000
170.050000 8.115000
170.057500 8.107500
170.065000 8.107500
170.072500 8.100000
170.080000 8.100000
170.087500 8.092500
170.095000 8.092500
170.102500 8.085000
170.110000 8.085000
170.117500 8.077500
170.125000 8.077500
170.132500 8.077500
170.140000 8.070000
170.147500 8.070000
170.155000 8.062500
170.162500 8.062500
170.170000 8.062500
170.177500 8.055000
170.185000 8.055000
170.192500 8.047500
170.200000 8.047500
170.207500 8.040000
170.215000 8.040000
170.222500 8.040000
170.230000 8.032500
170.237500 8.032500
170.245000 8.025000
170.252500 8.025000
170.260000 8.025000
170.267500 8.017500
170.275000 8.017500
170.282500 8.010000
170.290000 8.010000
170.297500 8.002500
170.305000 8.002500
170.312500 7.995000
170.320000 7.995000
170.327500 7.987500
170.335000 7.987500
170.342500 7.980000
170.350000 7.972500
170.357500 7.972500
170.365000 7.965000
170.372500 7.965000
170.380000 7.957500
170.387500 7.950000
170.395000 7.950000
170.402500 7.942500
170.410000 7.942500
170.417500 7.935000
170.425000 7.927500
170.432500 7.920000
170.440000 7.920000
170.447500 7.912500
170.455000 7.912500
170.462500 7.912500
170.470000 7.905000
170.477500 7.905000
170.485000 7.897500
170.492500 7.890000
170.500000 7.890000
170.507500 7.890000
170.515000 7.882500
170.522500 7.875000
170.530000 7.875000
170.537500 7.875000
170.545000 7.867500
170.552500 7.867500
170.560000 7.860000
170.567500 7.860000
170.575000 7.852500
170.582500 7.852500
170.590000 7.852500
170.597500 7.845000
170.605000 7.845000
170.612500 7.837500
170.620000 7.837500
170.627500 7.830000
170.635000 7.830000
170.642500 7.822500
170.650000 7.822500
170.657500 7.822500
170.665000 7.815000
170.672500 7.815000
170.680000 7.807500
170.687500 7.807500
170.695000 7.807500
170.702500 7.800000
170.710000 7.800000
170.717500 7.792500
170.725000 7.792500
170.732500 7.792500
170.740000 7.785000
170.747500 7.785000
170.755000 7.777500
170.762500 7.777500
170.770000 7.777500
170.777500 7.770000
170.785000 7.770000
170.792500 7.762500
170.800000 7.762500
170.807500 7.762500
170.815000 7.755000
170.822500 7.755000
170.830000 7.755000
170.837500 7.747500
170.845000 7.747500
170.852500 7.740000
170.860000 7.740000
170.867500 7.732500
170.875000 7.732500
170.882500 7.732500
170.890000 7.725000
170.897500 7.725000
170.905000 7.725000
170.912500 7.717500
170.920000 7.717500
170.927500 7.710000
170.935000 7.710000
170.942500 7.710000
170.950000 7.702500
170.957500 7.702500
170.965000 7.695000
170.972500 7.695000
170.980000 7.695000
170.987500 7.687500
170.995000 7.687500
171.002500 7.680000
171.010000 7.680000
171.017500 7.680000
171.025000 7.672500
171.032500 7.672500
171.040000 7.665000
171.047500 7.665000
171.055000 7.665000
171.062500 7.657500
171.070000 7.657500
171.077500 7.657500
171.085000 7.650000
171.092500 7.650000
171.100000 7.642500
171.107500 7.642500
171.115000 7.642500
171.122500 7.635000
171.130000 7.635000
171.137500 7.635000
171.145000 7.627500
171.152500 7.627500
171.160000 7.620000
171.167500 7.620000
171.175000 7.612500
171.182500 7.612500
171.190000 7.612500
171.197500 7.605000
171.205000 7.605000
171.212500 7.597500
171.220000 7.597500
171.227500 7.597500
171.235000 7.590000
171.242500 7.590000
171.250000 7.590000
171.257500 7.582500
171.265000 7.582500
171.272500 7.575000
171.280000 7.575000
171.287500 7.575000
171.295000 7.567500
171.302500 7.567500
171.310000 7.560000
171.317500 7.560000
171.325000 7.560000
171.332500 7.552500
171.340000 7.552500
171.347500 7.545000
171.355000 7.545000
171.362500 7.545000
171.370000 7.537500
171.377500 7.537500
171.385000 7.530000
171.392500 7.530000
171.400000 7.530000
171.407500 7.522500
171.415000 7.522500
171.422500 7.515000
171.430000 7.515000
171.437500 7.515000
171.445000 7.507500
171.452500 7.507500
171.460000 7.500000
171.467500 7.500000
171.475000 7.500000
171.482500 7.492500
171.490000 7.492500
171.497500 7.492500
171.505000 7.485000
171.512500 7.485000
171.520000 7.477500
171.527500 7.477500
171.535000 7.470000
171.542500 7.470000
171.550000 7.470000
171.557500 7.462500
171.565000 7.462500
171.572500 7.462500
171.580000 7.455000
171.587500 7.455000
171.595000 7.447500
171.602500 7.447500
171.610000 7.440000
171.617500 7.440000
171.625000 7.440000
171.632500 7.440000
171.640000 7.440000
171.647500 7.440000
171.655000 7.440000
171.662500 7.440000
171.670000 7.432500
171.677500 7.432500
171.685000 7.425000
171.692500 7.417500
171.700000 7.402500
171.707500 7.402500
171.715000 7.395000
171.722500 7.395000
171.730000 7.395000
171.737500 7.387500
171.745000 7.387500
171.752500 7.380000
171.760000 7.380000
171.767500 7.372500
171.775000 7.372500
171.782500 7.365000
171.790000 7.365000
171.797500 7.365000
171.805000 7.365000
171.812500 7.357500
171.820000 7.357500
171.827500 7.350000
171.835000 7.350000
171.842500 7.350000
171.850000 7.342500
171.857500 7.342500
171.865000 7.335000
171.872500 7.335000
171.880000 7.335000
171.887500 7.327500
171.895000 7.327500
171.902500 7.327500
171.910000 7.327500
171.917500 7.327500
171.925000 7.327500
171.932500 7.327500
171.940000 7.320000
171.947500 7.320000
171.955000 7.320000
171.962500 7.312500
171.970000 7.305000
171.977500 7.305000
171.985000 7.305000
171.992500 7.305000
172.000000 7.305000
172.007500 7.305000
172.015000 7.305000
172.022500 7.297500
172.030000 7.290000
172.037500 7.290000
172.045000 7.290000
172.052500 7.282500
172.060000 7.275000
172.067500 7.275000
172.075000 7.275000
172.082500 7.267500
172.090000 7.267500
172.097500 7.260000
172.105000 7.260000
172.112500 7.252500
172.120000 7.245000
172.127500 7.245000
172.135000 7.245000
172.142500 7.237500
172.150000 7.237500
172.157500 7.230000
172.165000 7.230000
172.172500 7.230000
172.180000 7.222500
172.187500 7.222500
172.195000 7.215000
172.202500 7.215000
172.210000 7.207500
172.217500 7.207500
172.225000 7.200000
172.232500 7.200000
172.240000 7.200000
172.247500 7.200000
172.255000 7.200000
172.262500 7.200000
172.270000 7.192500
172.277500 7.185000
172.285000 7.185000
172.292500 7.177500
172.300000 7.177500
172.307500 7.170000
172.315000 7.170000
172.322500 7.170000
172.330000 7.170000
172.337500 7.170000
172.345000 7.162500
172.352500 7.162500
172.360000 7.162500
172.367500 7.155000
172.375000 7.155000
172.382500 7.147500
172.390000 7.147500
172.397500 7.147500
172.405000 7.147500
172.412500 7.147500
172.420000 7.147500
172.427500 7.140000
172.435000 7.140000
172.442500 7.140000
172.450000 7.140000
172.457500 7.140000
172.465000 7.132500
172.472500 7.132500
172.480000 7.125000
172.487500 7.125000
172.495000 7.117500
172.502500 7.117500
172.510000 7.110000
172.517500 7.110000
172.525000 7.102500
172.532500 7.102500
172.540000 7.102500
172.547500 7.095000
172.555000 7.095000
172.562500 7.095000
172.570000 7.087500
172.577500 7.087500
172.585000 7.087500
172.592500 7.080000
172.600000 7.080000
172.607500 7.080000
172.615000 7.072500
172.622500 7.065000
172.630000 7.065000
172.637500 7.057500
172.645000 7.057500
172.652500 7.057500
172.660000 7.050000
172.667500 7.050000
172.675000 7.042500
172.682500 7.042500
172.690000 7.042500
172.697500 7.035000
172.705000 7.035000
172.712500 7.027500
172.720000 7.027500
172.727500 7.020000
172.735000 7.020000
172.742500 7.012500
172.750000 7.012500
172.757500 7.012500
172.765000 7.005000
172.772500 6.997500
172.780000 6.997500
172.787500 6.990000
172.795000 6.990000
172.802500 6.982500
172.810000 6.982500
172.817500 6.975000
172.825000 6.975000
172.832500 6.967500
172.840000 6.967500
172.847500 6.967500
172.855000 6.960000
172.862500 6.952500
172.870000 6.952500
172.877500 6.945000
172.885000 6.945000
172.892500 6.937500
172.900000 6.937500
172.907500 6.937500
172.915000 6.937500
172.922500 6.937500
172.930000 6.937500
172.937500 6.937500
172.945000 6.930000
172.952500 6.922500
172.960000 6.922500
172.967500 6.915000
172.975000 6.915000
172.982500 6.915000
172.990000 6.907500
172.997500 6.907500
173.005000 6.900000
173.012500 6.900000
173.020000 6.900000
173.027500 6.892500
173.035000 6.885000
173.042500 6.885000
173.050000 6.877500
173.057500 6.877500
173.065000 6.877500
173.072500 6.870000
173.080000 6.870000
173.087500 6.870000
173.095000 6.870000
173.102500 6.862500
173.110000 6.855000
173.117500 6.847500
173.125000 6.847500
173.132500 6.847500
173.140000 6.847500
173.147500 6.840000
173.155000 6.840000
173.162500 6.840000
173.170000 6.832500
173.177500 6.832500
173.185000 6.832500
173.192500 6.825000
173.200000 6.817500
173.207500 6.817500
173.215000 6.817500
173.222500 6.817500
173.230000 6.810000
173.237500 6.802500
173.245000 6.802500
173.252500 6.802500
173.260000 6.802500
173.267500 6.802500
173.275000 6.802500
173.282500 6.795000
173.290000 6.795000
173.297500 6.795000
173.305000 6.795000
173.312500 6.787500
173.320000 6.787500
173.327500 6.787500
173.335000 6.787500
173.342500 6.787500
173.350000 6.787500
173.357500 6.780000
173.365000 6.780000
173.372500 6.780000
173.380000 6.772500
173.387500 6.772500
173.395000 6.765000
173.402500 6.765000
173.410000 6.757500
173.417500 6.757500
173.425000 6.757500
173.432500 6.750000
173.440000 6.750000
173.447500 6.742500
173.455000 6.742500
173.462500 6.735000
173.470000 6.735000
173.477500 6.735000
173.485000 6.727500
173.492500 6.727500
173.500000 6.720000
173.507500 6.720000
173.515000 6.720000
173.522500 6.712500
173.530000 6.712500
173.537500 6.712500
173.545000 6.705000
173.552500 6.705000
173.560000 6.705000
173.567500 6.697500
173.575000 6.697500
173.582500 6.697500
173.590000 6.690000
173.597500 6.690000
173.605000 6.690000
173.612500 6.690000
173.620000 6.682500
173.627500 6.682500
173.635000 6.682500
173.642500 6.675000
173.650000 6.675000
173.657500 6.667500
173.665000 6.667500
173.672500 6.667500
173.680000 6.667500
173.687500 6.667500
173.695000 6.660000
173.702500 6.660000
173.710000 6.660000
173.717500 6.660000
173.725000 6.652500
173.732500 6.652500
173.740000 6.652500
173.747500 6.645000
173.755000 6.645000
173.762500 6.637500
173.770000 6.637500
173.777500 6.630000
173.785000 6.630000
173.792500 6.630000
173.800000 6.622500
173.807500 6.622500
173.815000 6.622500
173.822500 6.615000
173.830000 6.615000
173.837500 6.607500
173.845000 6.607500
173.852500 6.600000
173.860000 6.600000
173.867500 6.600000
173.875000 6.592500
173.882500 6.592500
173.890000 6.585000
173.897500 6.585000
173.905000 6.577500
173.912500 6.577500
173.920000 6.577500
173.927500 6.570000
173.935000 6.570000
173.942500 6.562500
173.950000 6.562500
173.957500 6.555000
173.965000 6.555000
173.972500 6.555000
173.980000 6.547500
173.987500 6.540000
173.995000 6.540000
174.002500 6.540000
174.010000 6.532500
174.017500 6.525000
174.025000 6.525000
174.032500 6.525000
174.040000 6.517500
174.047500 6.517500
174.055000 6.510000
174.062500 6.502500
174.070000 6.502500
174.077500 6.495000
174.085000 6.487500
174.092500 6.487500
174.100000 6.480000
174.107500 6.480000
174.115000 6.472500
174.122500 6.472500
174.130000 6.465000
174.137500 6.457500
174.145000 6.457500
174.152500 6.450000
174.160000 6.450000
174.167500 6.442500
174.175000 6.442500
174.182500 6.435000
174.190000 6.435000
174.197500 6.435000
174.205000 6.427500
174.212500 6.427500
174.220000 6.420000
174.227500 6.420000
174.235000 6.412500
174.242500 6.412500
174.250000 6.412500
174.257500 6.405000
174.265000 6.405000
174.272500 6.397500
174.280000 6.397500
174.287500 6.390000
174.295000 6.390000
174.302500 6.382500
174.310000 6.382500
174.317500 6.375000
174.325000 6.375000
174.332500 6.367500
174.340000 6.360000
174.347500 6.360000
174.355000 6.360000
174.362500 6.352500
174.370000 6.345000
174.377500 6.337500
174.385000 6.337500
174.392500 6.330000
174.400000 6.330000
174.407500 6.330000
174.415000 6.330000
174.422500 6.322500
174.430000 6.322500
174.437500 6.315000
174.445000 6.315000
174.452500 6.315000
174.460000 6.307500
174.467500 6.307500
174.475000 6.300000
174.482500 6.300000
174.490000 6.292500
174.497500 6.292500
174.505000 6.285000
174.512500 6.285000
174.520000 6.277500
174.527500 6.277500
174.535000 6.270000
174.542500 6.270000
174.550000 6.262500
174.557500 6.262500
174.565000 6.255000
174.572500 6.255000
174.580000 6.247500
174.587500 6.247500
174.595000 6.247500
174.602500 6.240000
174.610000 6.240000
174.617500 6.232500
174.625000 6.232500
174.632500 6.225000
174.640000 6.225000
174.647500 6.217500
174.655000 6.217500
174.662500 6.210000
174.670000 6.210000
174.677500 6.202500
174.685000 6.202500
174.692500 6.195000
174.700000 6.195000
174.707500 6.187500
174.715000 6.180000
174.722500 6.172500
174.730000 6.172500
174.737500 6.165000
174.745000 6.157500
174.752500 6.157500
174.760000 6.150000
174.767500 6.150000
174.775000 6.142500
174.782500 6.135000
174.790000 6.127500
174.797500 6.120000
174.805000 6.112500
174.812500 6.105000
174.820000 6.105000
174.827500 6.097500
174.835000 6.090000
174.842500 6.082500
174.850000 6.082500
174.857500 6.075000
174.865000 6.067500
174.872500 6.060000
174.880000 6.052500
174.887500 6.045000
174.895000 6.045000
174.902500 6.037500
174.910000 6.037500
174.917500 6.030000
174.925000 6.030000
174.932500 6.022500
174.940000 6.015000
174.947500 6.015000
174.955000 6.007500
174.962500 6.007500
174.970000 6.000000
174.977500 6.000000
174.985000 6.000000
174.992500 5.992500
