241654.000000 5613531.870000
215.000000 2.000000
215.000000 25.000000
10.000000 5.235000
10.007500 5.242500
10.015000 5.250000
10.022500 5.250000
10.030000 5.250000
10.037500 5.257500
10.045000 5.257500
10.052500 5.257500
10.060000 5.265000
10.067500 5.265000
10.075000 5.272500
10.082500 5.272500
10.090000 5.272500
10.097500 5.280000
10.105000 5.287500
10.112500 5.287500
10.120000 5.295000
10.127500 5.295000
10.135000 5.302500
10.142500 5.302500
10.150000 5.310000
10.157500 5.310000
10.165000 5.317500
10.172500 5.317500
10.180000 5.325000
10.187500 5.325000
10.195000 5.325000
10.202500 5.332500
10.210000 5.332500
10.217500 5.340000
10.225000 5.340000
10.232500 5.340000
10.240000 5.347500
10.247500 5.347500
10.255000 5.355000
10.262500 5.355000
10.270000 5.362500
10.277500 5.370000
10.285000 5.370000
10.292500 5.377500
10.300000 5.377500
10.307500 5.385000
10.315000 5.385000
10.322500 5.392500
10.330000 5.400000
10.337500 5.400000
10.345000 5.400000
10.352500 5.407500
10.360000 5.407500
10.367500 5.415000
10.375000 5.415000
10.382500 5.422500
10.390000 5.422500
10.397500 5.430000
10.405000 5.437500
10.412500 5.437500
10.420000 5.437500
10.427500 5.445000
10.435000 5.445000
10.442500 5.452500
10.450000 5.452500
10.457500 5.460000
10.465000 5.460000
10.472500 5.467500
10.480000 5.467500
10.487500 5.475000
10.495000 5.475000
10.502500 5.475000
10.510000 5.482500
10.517500 5.482500
10.525000 5.482500
10.532500 5.490000
10.540000 5.490000
10.547500 5.490000
10.555000 5.497500
10.562500 5.497500
10.570000 5.505000
10.577500 5.505000
10.585000 5.512500
10.592500 5.512500
10.600000 5.512500
10.607500 5.520000
10.615000 5.520000
10.622500 5.520000
10.630000 5.520000
10.637500 5.527500
10.645000 5.527500
10.652500 5.527500
10.660000 5.527500
10.667500 5.535000
10.675000 5.535000
10.682500 5.535000
10.690000 5.542500
10.697500 5.542500
10.705000 5.542500
10.712500 5.550000
10.720000 5.550000
10.727500 5.550000
10.735000 5.557500
10.742500 5.557500
10.750000 5.557500
10.757500 5.565000
10.765000 5.565000
10.772500 5.565000
10.780000 5.572500
10.787500 5.572500
10.795000 5.572500
10.802500 5.580000
10.810000 5.580000
10.817500 5.580000
10.825000 5.587500
10.832500 5.587500
10.840000 5.595000
10.847500 5.595000
10.855000 5.595000
10.862500 5.602500
10.870000 5.610000
10.877500 5.610000
10.885000 5.610000
10.892500 5.610000
10.900000 5.610000
10.907500 5.617500
10.915000 5.617500
10.922500 5.617500
10.930000 5.617500
10.937500 5.617500
10.945000 5.617500
10.952500 5.625000
10.960000 5.625000
10.967500 5.625000
10.975000 5.625000
10.982500 5.632500
10.990000 5.632500
10.997500 5.632500
11.005000 5.640000
11.012500 5.640000
11.020000 5.640000
11.027500 5.647500
11.035000 5.647500
11.042500 5.647500
11.050000 5.655000
11.057500 5.655000
11.065000 5.655000
11.072500 5.662500
11.080000 5.670000
11.087500 5.670000
11.095000 5.670000
11.102500 5.677500
11.110000 5.677500
11.117500 5.677500
11.125000 5.685000
11.132500 5.685000
11.140000 5.692500
11.147500 5.700000
11.155000 5.700000
11.162500 5.700000
11.170000 5.707500
11.177500 5.707500
11.185000 5.707500
11.192500 5.715000
11.200000 5.722500
11.207500 5.722500
11.215000 5.722500
11.222500 5.722500
11.230000 5.730000
11.237500 5.730000
11.245000 5.730000
11.252500 5.730000
11.260000 5.737500
11.267500 5.737500
11.275000 5.737500
11.282500 5.745000
11.290000 5.745000
11.297500 5.752500
11.305000 5.752500
11.312500 5.760000
11.320000 5.760000
11.327500 5.767500
11.335000 5.775000
11.342500 5.775000
11.350000 5.782500
11.357500 5.782500
11.365000 5.782500
11.372500 5.790000
11.380000 5.790000
11.387500 5.797500
11.395000 5.797500
11.402500 5.805000
11.410000 5.805000
11.417500 5.805000
11.425000 5.812500
11.432500 5.820000
11.440000 5.820000
11.447500 5.820000
11.455000 5.827500
11.462500 5.827500
11.470000 5.835000
11.477500 5.835000
11.485000 5.842500
11.492500 5.842500
11.500000 5.842500
11.507500 5.850000
11.515000 5.850000
11.522500 5.857500
11.530000 5.857500
11.537500 5.857500
11.545000 5.857500
11.552500 5.865000
11.560000 5.865000
11.567500 5.872500
11.575000 5.880000
11.582500 5.880000
11.590000 5.887500
11.597500 5.887500
11.605000 5.887500
11.612500 5.887500
11.620000 5.887500
11.627500 5.887500
11.635000 5.887500
11.642500 5.895000
11.650000 5.895000
11.657500 5.895000
11.665000 5.902500
11.672500 5.902500
11.680000 5.910000
11.687500 5.910000
11.695000 5.917500
11.702500 5.917500
11.710000 5.917500
11.717500 5.925000
11.725000 5.925000
11.732500 5.925000
11.740000 5.932500
11.747500 5.932500
11.755000 5.940000
11.762500 5.940000
11.770000 5.947500
11.777500 5.947500
11.785000 5.947500
11.792500 5.955000
11.800000 5.955000
11.807500 5.955000
11.815000 5.962500
11.822500 5.962500
11.830000 5.970000
11.837500 5.970000
11.845000 5.970000
11.852500 5.977500
11.860000 5.977500
11.867500 5.977500
11.875000 5.985000
11.882500 5.985000
11.890000 5.992500
11.897500 5.992500
11.905000 6.000000
11.912500 6.007500
11.920000 6.007500
11.927500 6.015000
11.935000 6.015000
11.942500 6.015000
11.950000 6.022500
11.957500 6.022500
11.965000 6.030000
11.972500 6.030000
11.980000 6.037500
11.987500 6.037500
11.995000 6.037500
12.002500 6.037500
12.010000 6.037500
12.017500 6.045000
12.025000 6.045000
12.032500 6.045000
12.040000 6.052500
12.047500 6.052500
12.055000 6.052500
12.062500 6.060000
12.070000 6.060000
12.077500 6.067500
12.085000 6.067500
12.092500 6.067500
12.100000 6.075000
12.107500 6.075000
12.115000 6.075000
12.122500 6.082500
12.130000 6.082500
12.137500 6.090000
12.145000 6.090000
12.152500 6.090000
12.160000 6.097500
12.167500 6.097500
12.175000 6.105000
12.182500 6.105000
12.190000 6.105000
12.197500 6.112500
12.205000 6.112500
12.212500 6.112500
12.220000 6.120000
12.227500 6.120000
12.235000 6.127500
12.242500 6.135000
12.250000 6.142500
12.257500 6.142500
12.265000 6.142500
12.272500 6.142500
12.280000 6.142500
12.287500 6.150000
12.295000 6.150000
12.302500 6.157500
12.310000 6.157500
12.317500 6.157500
12.325000 6.165000
12.332500 6.165000
12.340000 6.172500
12.347500 6.172500
12.355000 6.180000
12.362500 6.180000
12.370000 6.180000
12.377500 6.187500
12.385000 6.187500
12.392500 6.195000
12.400000 6.195000
12.407500 6.202500
12.415000 6.202500
12.422500 6.210000
12.430000 6.210000
12.437500 6.210000
12.445000 6.217500
12.452500 6.217500
12.460000 6.225000
12.467500 6.225000
12.475000 6.232500
12.482500 6.232500
12.490000 6.232500
12.497500 6.240000
12.505000 6.240000
12.512500 6.247500
12.520000 6.247500
12.527500 6.255000
12.535000 6.255000
12.542500 6.255000
12.550000 6.262500
12.557500 6.262500
12.565000 6.270000
12.572500 6.270000
12.580000 6.277500
12.587500 6.277500
12.595000 6.277500
12.602500 6.285000
12.610000 6.285000
12.617500 6.292500
12.625000 6.292500
12.632500 6.300000
12.640000 6.300000
12.647500 6.300000
12.655000 6.307500
12.662500 6.307500
12.670000 6.315000
12.677500 6.315000
12.685000 6.315000
12.692500 6.322500
12.700000 6.322500
12.707500 6.330000
12.715000 6.337500
12.722500 6.337500
12.730000 6.337500
12.737500 6.345000
12.745000 6.345000
12.752500 6.345000
12.760000 6.345000
12.767500 6.352500
12.775000 6.352500
12.782500 6.352500
12.790000 6.360000
12.797500 6.360000
12.805000 6.367500
12.812500 6.367500
12.820000 6.375000
12.827500 6.375000
12.835000 6.382500
12.842500 6.382500
12.850000 6.390000
12.857500 6.390000
12.865000 6.397500
12.872500 6.397500
12.880000 6.405000
12.887500 6.405000
12.895000 6.412500
12.902500 6.412500
12.910000 6.420000
12.917500 6.427500
12.925000 6.427500
12.932500 6.435000
12.940000 6.435000
12.947500 6.442500
12.955000 6.442500
12.962500 6.450000
12.970000 6.450000
12.977500 6.457500
12.985000 6.457500
12.992500 6.465000
13.000000 6.465000
13.007500 6.472500
13.015000 6.472500
13.022500 6.480000
13.030000 6.480000
13.037500 6.472500
13.045000 6.472500
13.052500 6.472500
13.060000 6.472500
13.067500 6.480000
13.075000 6.480000
13.082500 6.487500
13.090000 6.487500
13.097500 6.487500
13.105000 6.495000
13.112500 6.495000
13.120000 6.502500
13.127500 6.502500
13.135000 6.510000
13.142500 6.510000
13.150000 6.517500
13.157500 6.525000
13.165000 6.525000
13.172500 6.532500
13.180000 6.532500
13.187500 6.532500
13.195000 6.540000
13.202500 6.547500
13.210000 6.547500
13.217500 6.547500
13.225000 6.547500
13.232500 6.555000
13.240000 6.562500
13.247500 6.562500
13.255000 6.562500
13.262500 6.570000
13.270000 6.570000
13.277500 6.577500
13.285000 6.577500
13.292500 6.585000
13.300000 6.585000
13.307500 6.585000
13.315000 6.592500
13.322500 6.592500
13.330000 6.592500
13.337500 6.600000
13.345000 6.600000
13.352500 6.607500
13.360000 6.607500
13.367500 6.615000
13.375000 6.615000
13.382500 6.622500
13.390000 6.630000
13.397500 6.630000
13.405000 6.630000
13.412500 6.637500
13.420000 6.645000
13.427500 6.645000
13.435000 6.652500
13.442500 6.652500
13.450000 6.660000
13.457500 6.660000
13.465000 6.667500
13.472500 6.667500
13.480000 6.675000
13.487500 6.675000
13.495000 6.682500
13.502500 6.682500
13.510000 6.690000
13.517500 6.690000
13.525000 6.697500
13.532500 6.697500
13.540000 6.705000
13.547500 6.705000
13.555000 6.705000
13.562500 6.712500
13.570000 6.712500
13.577500 6.720000
13.585000 6.720000
13.592500 6.727500
13.600000 6.727500
13.607500 6.735000
13.615000 6.735000
13.622500 6.742500
13.630000 6.742500
13.637500 6.750000
13.645000 6.750000
13.652500 6.757500
13.660000 6.757500
13.667500 6.765000
13.675000 6.765000
13.682500 6.772500
13.690000 6.772500
13.697500 6.780000
13.705000 6.780000
13.712500 6.787500
13.720000 6.787500
13.727500 6.795000
13.735000 6.795000
13.742500 6.802500
13.750000 6.802500
13.757500 6.810000
13.765000 6.810000
13.772500 6.817500
13.780000 6.817500
13.787500 6.825000
13.795000 6.832500
13.802500 6.832500
13.810000 6.840000
13.817500 6.840000
13.825000 6.847500
13.832500 6.862500
13.840000 6.862500
13.847500 6.870000
13.855000 6.870000
13.862500 6.870000
13.870000 6.877500
13.877500 6.877500
13.885000 6.885000
13.892500 6.885000
13.900000 6.892500
13.907500 6.892500
13.915000 6.900000
13.922500 6.900000
13.930000 6.907500
13.937500 6.907500
13.945000 6.915000
13.952500 6.915000
13.960000 6.922500
13.967500 6.922500
13.975000 6.930000
13.982500 6.930000
13.990000 6.937500
13.997500 6.937500
14.005000 6.945000
14.012500 6.945000
14.020000 6.952500
14.027500 6.952500
14.035000 6.960000
14.042500 6.960000
14.050000 6.967500
14.057500 6.975000
14.065000 6.975000
14.072500 6.975000
14.080000 6.982500
14.087500 6.982500
14.095000 6.990000
14.102500 6.990000
14.110000 6.997500
14.117500 6.997500
14.125000 7.005000
14.132500 7.005000
14.140000 7.005000
14.147500 7.012500
14.155000 7.012500
14.162500 7.012500
14.170000 7.020000
14.177500 7.020000
14.185000 7.027500
14.192500 7.027500
14.200000 7.035000
14.207500 7.035000
14.215000 7.042500
14.222500 7.042500
14.230000 7.050000
14.237500 7.050000
14.245000 7.057500
14.252500 7.065000
14.260000 7.065000
14.267500 7.072500
14.275000 7.072500
14.282500 7.080000
14.290000 7.080000
14.297500 7.087500
14.305000 7.087500
14.312500 7.095000
14.320000 7.102500
14.327500 7.102500
14.335000 7.110000
14.342500 7.110000
14.350000 7.117500
14.357500 7.125000
14.365000 7.132500
14.372500 7.132500
14.380000 7.140000
14.387500 7.140000
14.395000 7.147500
14.402500 7.155000
14.410000 7.155000
14.417500 7.162500
14.425000 7.162500
14.432500 7.170000
14.440000 7.170000
14.447500 7.177500
14.455000 7.185000
14.462500 7.185000
14.470000 7.192500
14.477500 7.192500
14.485000 7.200000
14.492500 7.207500
14.500000 7.207500
14.507500 7.215000
14.515000 7.222500
14.522500 7.222500
14.530000 7.230000
14.537500 7.230000
14.545000 7.237500
14.552500 7.237500
14.560000 7.245000
14.567500 7.252500
14.575000 7.260000
14.582500 7.267500
14.590000 7.267500
14.597500 7.275000
14.605000 7.275000
14.612500 7.282500
14.620000 7.290000
14.627500 7.297500
14.635000 7.305000
14.642500 7.305000
14.650000 7.312500
14.657500 7.312500
14.665000 7.320000
14.672500 7.327500
14.680000 7.327500
14.687500 7.342500
14.695000 7.342500
14.702500 7.350000
14.710000 7.350000
14.717500 7.357500
14.725000 7.357500
14.732500 7.365000
14.740000 7.372500
14.747500 7.380000
14.755000 7.380000
14.762500 7.387500
14.770000 7.395000
14.777500 7.395000
14.785000 7.402500
14.792500 7.410000
14.800000 7.410000
14.807500 7.417500
14.815000 7.425000
14.822500 7.425000
14.830000 7.432500
14.837500 7.440000
14.845000 7.440000
14.852500 7.447500
14.860000 7.455000
14.867500 7.462500
14.875000 7.470000
14.882500 7.470000
14.890000 7.477500
14.897500 7.485000
14.905000 7.485000
14.912500 7.492500
14.920000 7.500000
14.927500 7.500000
14.935000 7.507500
14.942500 7.515000
14.950000 7.515000
14.957500 7.522500
14.965000 7.530000
14.972500 7.530000
14.980000 7.537500
14.987500 7.537500
14.995000 7.545000
15.002500 7.552500
15.010000 7.552500
15.017500 7.560000
15.025000 7.560000
15.032500 7.567500
15.040000 7.575000
15.047500 7.575000
15.055000 7.582500
15.062500 7.590000
15.070000 7.597500
15.077500 7.597500
15.085000 7.605000
15.092500 7.605000
15.100000 7.612500
15.107500 7.620000
15.115000 7.627500
15.122500 7.635000
15.130000 7.635000
15.137500 7.642500
15.145000 7.642500
15.152500 7.650000
15.160000 7.657500
15.167500 7.665000
15.175000 7.665000
15.182500 7.672500
15.190000 7.680000
15.197500 7.680000
15.205000 7.687500
15.212500 7.680000
15.220000 7.687500
15.227500 7.687500
15.235000 7.687500
15.242500 7.695000
15.250000 7.695000
15.257500 7.695000
15.265000 7.702500
15.272500 7.702500
15.280000 7.702500
15.287500 7.710000
15.295000 7.710000
15.302500 7.710000
15.310000 7.717500
15.317500 7.717500
15.325000 7.725000
15.332500 7.725000
15.340000 7.732500
15.347500 7.732500
15.355000 7.740000
15.362500 7.740000
15.370000 7.747500
15.377500 7.747500
15.385000 7.747500
15.392500 7.755000
15.400000 7.762500
15.407500 7.762500
15.415000 7.762500
15.422500 7.770000
15.430000 7.770000
15.437500 7.770000
15.445000 7.770000
15.452500 7.770000
15.460000 7.770000
15.467500 7.770000
15.475000 7.777500
15.482500 7.777500
15.490000 7.777500
15.497500 7.777500
15.505000 7.777500
15.512500 7.777500
15.520000 7.777500
15.527500 7.777500
15.535000 7.777500
15.542500 7.785000
15.550000 7.785000
15.557500 7.785000
15.565000 7.785000
15.572500 7.785000
15.580000 7.785000
15.587500 7.785000
15.595000 7.785000
15.602500 7.785000
15.610000 7.785000
15.617500 7.777500
15.625000 7.777500
15.632500 7.777500
15.640000 7.777500
15.647500 7.777500
15.655000 7.777500
15.662500 7.777500
15.670000 7.777500
15.677500 7.777500
15.685000 7.777500
15.692500 7.785000
15.700000 7.777500
15.707500 7.777500
15.715000 7.777500
15.722500 7.770000
15.730000 7.770000
15.737500 7.762500
15.745000 7.762500
15.752500 7.762500
15.760000 7.762500
15.767500 7.762500
15.775000 7.762500
15.782500 7.762500
15.790000 7.762500
15.797500 7.762500
15.805000 7.762500
15.812500 7.755000
15.820000 7.755000
15.827500 7.755000
15.835000 7.747500
15.842500 7.747500
15.850000 7.740000
15.857500 7.740000
15.865000 7.732500
15.872500 7.732500
15.880000 7.725000
15.887500 7.725000
15.895000 7.717500
15.902500 7.717500
15.910000 7.710000
15.917500 7.710000
15.925000 7.702500
15.932500 7.702500
15.940000 7.695000
15.947500 7.695000
15.955000 7.687500
15.962500 7.680000
15.970000 7.680000
15.977500 7.672500
15.985000 7.672500
15.992500 7.665000
16.000000 7.657500
16.007500 7.657500
16.015000 7.650000
16.022500 7.642500
16.030000 7.635000
16.037500 7.635000
16.045000 7.627500
16.052500 7.620000
16.060000 7.627500
16.067500 7.612500
16.075000 7.605000
16.082500 7.597500
16.090000 7.597500
16.097500 7.590000
16.105000 7.582500
16.112500 7.582500
16.120000 7.575000
16.127500 7.567500
16.135000 7.560000
16.142500 7.552500
16.150000 7.552500
16.157500 7.545000
16.165000 7.545000
16.172500 7.537500
16.180000 7.522500
16.187500 7.522500
16.195000 7.515000
16.202500 7.507500
16.210000 7.507500
16.217500 7.500000
16.225000 7.500000
16.232500 7.492500
16.240000 7.485000
16.247500 7.485000
16.255000 7.477500
16.262500 7.477500
16.270000 7.470000
16.277500 7.462500
16.285000 7.462500
16.292500 7.455000
16.300000 7.447500
16.307500 7.440000
16.315000 7.440000
16.322500 7.432500
16.330000 7.425000
16.337500 7.425000
16.345000 7.417500
16.352500 7.410000
16.360000 7.402500
16.367500 7.402500
16.375000 7.395000
16.382500 7.387500
16.390000 7.387500
16.397500 7.380000
16.405000 7.372500
16.412500 7.372500
16.420000 7.365000
16.427500 7.357500
16.435000 7.357500
16.442500 7.350000
16.450000 7.342500
16.457500 7.342500
16.465000 7.335000
16.472500 7.327500
16.480000 7.327500
16.487500 7.320000
16.495000 7.312500
16.502500 7.312500
16.510000 7.305000
16.517500 7.297500
16.525000 7.290000
16.532500 7.290000
16.540000 7.282500
16.547500 7.282500
16.555000 7.275000
16.562500 7.267500
16.570000 7.267500
16.577500 7.260000
16.585000 7.252500
16.592500 7.245000
16.600000 7.245000
16.607500 7.237500
16.615000 7.230000
16.622500 7.222500
16.630000 7.215000
16.637500 7.207500
16.645000 7.207500
16.652500 7.200000
16.660000 7.200000
16.667500 7.192500
16.675000 7.185000
16.682500 7.185000
16.690000 7.177500
16.697500 7.177500
16.705000 7.170000
16.712500 7.170000
16.720000 7.162500
16.727500 7.162500
16.735000 7.155000
16.742500 7.147500
16.750000 7.147500
16.757500 7.140000
16.765000 7.140000
16.772500 7.132500
16.780000 7.132500
16.787500 7.125000
16.795000 7.117500
16.802500 7.117500
16.810000 7.110000
16.817500 7.110000
16.825000 7.102500
16.832500 7.102500
16.840000 7.095000
16.847500 7.087500
16.855000 7.087500
16.862500 7.080000
16.870000 7.080000
16.877500 7.072500
16.885000 7.072500
16.892500 7.065000
16.900000 7.057500
16.907500 7.057500
16.915000 7.050000
16.922500 7.050000
16.930000 7.042500
16.937500 7.035000
16.945000 7.035000
16.952500 7.027500
16.960000 7.027500
16.967500 7.020000
16.975000 7.012500
16.982500 7.012500
16.990000 7.005000
16.997500 7.005000
17.005000 6.997500
17.012500 6.997500
17.020000 6.990000
17.027500 6.982500
17.035000 6.982500
17.042500 6.975000
17.050000 6.975000
17.057500 6.967500
17.065000 6.960000
17.072500 6.960000
17.080000 6.952500
17.087500 6.952500
17.095000 6.945000
17.102500 6.945000
17.110000 6.937500
17.117500 6.930000
17.125000 6.930000
17.132500 6.922500
17.140000 6.922500
17.147500 6.915000
17.155000 6.915000
17.162500 6.907500
17.170000 6.907500
17.177500 6.900000
17.185000 6.900000
17.192500 6.892500
17.200000 6.892500
17.207500 6.885000
17.215000 6.877500
17.222500 6.877500
17.230000 6.870000
17.237500 6.870000
17.245000 6.862500
17.252500 6.862500
17.260000 6.855000
17.267500 6.855000
17.275000 6.847500
17.282500 6.847500
17.290000 6.840000
17.297500 6.840000
17.305000 6.832500
17.312500 6.832500
17.320000 6.825000
17.327500 6.825000
17.335000 6.817500
17.342500 6.817500
17.350000 6.810000
17.357500 6.810000
17.365000 6.802500
17.372500 6.802500
17.380000 6.795000
17.387500 6.795000
17.395000 6.787500
17.402500 6.787500
17.410000 6.780000
17.417500 6.780000
17.425000 6.772500
17.432500 6.772500
17.440000 6.772500
17.447500 6.765000
17.455000 6.757500
17.462500 6.757500
17.470000 6.757500
17.477500 6.750000
17.485000 6.742500
17.492500 6.742500
17.500000 6.742500
17.507500 6.735000
17.515000 6.735000
17.522500 6.727500
17.530000 6.727500
17.537500 6.720000
17.545000 6.720000
17.552500 6.712500
17.560000 6.712500
17.567500 6.705000
17.575000 6.705000
17.582500 6.697500
17.590000 6.690000
17.597500 6.690000
17.605000 6.682500
17.612500 6.682500
17.620000 6.682500
17.627500 6.675000
17.635000 6.675000
17.642500 6.675000
17.650000 6.667500
17.657500 6.667500
17.665000 6.660000
17.672500 6.660000
17.680000 6.660000
17.687500 6.652500
17.695000 6.652500
17.702500 6.652500
17.710000 6.645000
17.717500 6.645000
17.725000 6.645000
17.732500 6.637500
17.740000 6.637500
17.747500 6.637500
17.755000 6.630000
17.762500 6.630000
17.770000 6.630000
17.777500 6.622500
17.785000 6.622500
17.792500 6.622500
17.800000 6.615000
17.807500 6.615000
17.815000 6.615000
17.822500 6.607500
17.830000 6.607500
17.837500 6.607500
17.845000 6.600000
17.852500 6.600000
17.860000 6.600000
17.867500 6.592500
17.875000 6.592500
17.882500 6.585000
17.890000 6.585000
17.897500 6.585000
17.905000 6.577500
17.912500 6.577500
17.920000 6.577500
17.927500 6.570000
17.935000 6.570000
17.942500 6.570000
17.950000 6.562500
17.957500 6.562500
17.965000 6.562500
17.972500 6.562500
17.980000 6.555000
17.987500 6.555000
17.995000 6.555000
18.002500 6.547500
18.010000 6.547500
18.017500 6.547500
18.025000 6.540000
18.032500 6.540000
18.040000 6.540000
18.047500 6.532500
18.055000 6.532500
18.062500 6.532500
18.070000 6.532500
18.077500 6.525000
18.085000 6.525000
18.092500 6.525000
18.100000 6.517500
18.107500 6.517500
18.115000 6.517500
18.122500 6.510000
18.130000 6.510000
18.137500 6.510000
18.145000 6.510000
18.152500 6.502500
18.160000 6.502500
18.167500 6.502500
18.175000 6.495000
18.182500 6.495000
18.190000 6.495000
18.197500 6.487500
18.205000 6.487500
18.212500 6.487500
18.220000 6.487500
18.227500 6.480000
18.235000 6.472500
18.242500 6.472500
18.250000 6.472500
18.257500 6.472500
18.265000 6.465000
18.272500 6.465000
18.280000 6.457500
18.287500 6.457500
18.295000 6.457500
18.302500 6.457500
18.310000 6.450000
18.317500 6.450000
18.325000 6.450000
18.332500 6.442500
18.340000 6.442500
18.347500 6.442500
18.355000 6.435000
18.362500 6.435000
18.370000 6.435000
18.377500 6.435000
18.385000 6.435000
18.392500 6.435000
18.400000 6.427500
18.407500 6.427500
18.415000 6.427500
18.422500 6.427500
18.430000 6.427500
18.437500 6.427500
18.445000 6.427500
18.452500 6.427500
18.460000 6.420000
18.467500 6.420000
18.475000 6.420000
18.482500 6.420000
18.490000 6.420000
18.497500 6.420000
18.505000 6.420000
18.512500 6.420000
18.520000 6.412500
18.527500 6.412500
18.535000 6.412500
18.542500 6.412500
18.550000 6.412500
18.557500 6.412500
18.565000 6.412500
18.572500 6.412500
18.580000 6.405000
18.587500 6.405000
18.595000 6.405000
18.602500 6.405000
18.610000 6.405000
18.617500 6.405000
18.625000 6.405000
18.632500 6.405000
18.640000 6.405000
18.647500 6.405000
18.655000 6.397500
18.662500 6.397500
18.670000 6.397500
18.677500 6.397500
18.685000 6.397500
18.692500 6.397500
18.700000 6.397500
18.707500 6.397500
18.715000 6.397500
18.722500 6.397500
18.730000 6.397500
18.737500 6.390000
18.745000 6.390000
18.752500 6.390000
18.760000 6.390000
18.767500 6.390000
18.775000 6.390000
18.782500 6.390000
18.790000 6.390000
18.797500 6.390000
18.805000 6.390000
18.812500 6.390000
18.820000 6.390000
18.827500 6.382500
18.835000 6.382500
18.842500 6.382500
18.850000 6.382500
18.857500 6.382500
18.865000 6.382500
18.872500 6.382500
18.880000 6.382500
18.887500 6.382500
18.895000 6.382500
18.902500 6.382500
18.910000 6.382500
18.917500 6.382500
18.925000 6.382500
18.932500 6.382500
18.940000 6.382500
18.947500 6.382500
18.955000 6.382500
18.962500 6.382500
18.970000 6.382500
18.977500 6.382500
18.985000 6.382500
18.992500 6.375000
19.000000 6.375000
19.007500 6.375000
19.015000 6.375000
19.022500 6.375000
19.030000 6.375000
19.037500 6.375000
19.045000 6.375000
19.052500 6.375000
19.060000 6.375000
19.067500 6.375000
19.075000 6.375000
19.082500 6.375000
19.090000 6.375000
19.097500 6.375000
19.105000 6.375000
19.112500 6.375000
19.120000 6.375000
19.127500 6.375000
19.135000 6.375000
19.142500 6.375000
19.150000 6.375000
19.157500 6.375000
19.165000 6.375000
19.172500 6.375000
19.180000 6.375000
19.187500 6.375000
19.195000 6.375000
19.202500 6.375000
19.210000 6.375000
19.217500 6.367500
19.225000 6.367500
19.232500 6.367500
19.240000 6.367500
19.247500 6.367500
19.255000 6.367500
19.262500 6.367500
19.270000 6.367500
19.277500 6.367500
19.285000 6.367500
19.292500 6.367500
19.300000 6.367500
19.307500 6.367500
19.315000 6.367500
19.322500 6.367500
19.330000 6.367500
19.337500 6.367500
19.345000 6.367500
19.352500 6.367500
19.360000 6.367500
19.367500 6.367500
19.375000 6.367500
19.382500 6.367500
19.390000 6.360000
19.397500 6.360000
19.405000 6.360000
19.412500 6.360000
19.420000 6.360000
19.427500 6.360000
19.435000 6.360000
19.442500 6.360000
19.450000 6.360000
19.457500 6.360000
19.465000 6.360000
19.472500 6.360000
19.480000 6.360000
19.487500 6.360000
19.495000 6.360000
19.502500 6.360000
19.510000 6.360000
19.517500 6.360000
19.525000 6.360000
19.532500 6.360000
19.540000 6.360000
19.547500 6.360000
19.555000 6.360000
19.562500 6.360000
19.570000 6.360000
19.577500 6.360000
19.585000 6.360000
19.592500 6.352500
19.600000 6.352500
19.607500 6.352500
19.615000 6.352500
19.622500 6.352500
19.630000 6.352500
19.637500 6.352500
19.645000 6.352500
19.652500 6.352500
19.660000 6.352500
19.667500 6.352500
19.675000 6.352500
19.682500 6.352500
19.690000 6.352500
19.697500 6.352500
19.705000 6.352500
19.712500 6.352500
19.720000 6.352500
19.727500 6.345000
19.735000 6.345000
19.742500 6.345000
19.750000 6.345000
19.757500 6.345000
19.765000 6.345000
19.772500 6.345000
19.780000 6.345000
19.787500 6.345000
19.795000 6.345000
19.802500 6.345000
19.810000 6.345000
19.817500 6.345000
19.825000 6.345000
19.832500 6.345000
19.840000 6.345000
19.847500 6.345000
19.855000 6.345000
19.862500 6.345000
19.870000 6.337500
19.877500 6.337500
19.885000 6.337500
19.892500 6.337500
19.900000 6.337500
19.907500 6.337500
19.915000 6.337500
19.922500 6.337500
19.930000 6.337500
19.937500 6.337500
19.945000 6.337500
19.952500 6.337500
19.960000 6.337500
19.967500 6.337500
19.975000 6.337500
19.982500 6.337500
19.990000 6.330000
19.997500 6.330000
20.005000 6.330000
20.012500 6.330000
20.020000 6.330000
20.027500 6.330000
20.035000 6.330000
20.042500 6.330000
20.050000 6.330000
20.057500 6.330000
20.065000 6.330000
20.072500 6.330000
20.080000 6.330000
20.087500 6.330000
20.095000 6.330000
20.102500 6.322500
20.110000 6.322500
20.117500 6.322500
20.125000 6.322500
20.132500 6.322500
20.140000 6.322500
20.147500 6.322500
20.155000 6.322500
20.162500 6.322500
20.170000 6.322500
20.177500 6.322500
20.185000 6.322500
20.192500 6.322500
20.200000 6.322500
20.207500 6.322500
20.215000 6.322500
20.222500 6.322500
20.230000 6.322500
20.237500 6.315000
20.245000 6.315000
20.252500 6.315000
20.260000 6.315000
20.267500 6.315000
20.275000 6.315000
20.282500 6.315000
20.290000 6.315000
20.297500 6.315000
20.305000 6.315000
20.312500 6.315000
20.320000 6.315000
20.327500 6.315000
20.335000 6.315000
20.342500 6.307500
20.350000 6.307500
20.357500 6.307500
20.365000 6.307500
20.372500 6.307500
20.380000 6.307500
20.387500 6.307500
20.395000 6.307500
20.402500 6.307500
20.410000 6.307500
20.417500 6.307500
20.425000 6.300000
20.432500 6.300000
20.440000 6.300000
20.447500 6.300000
20.455000 6.300000
20.462500 6.300000
20.470000 6.300000
20.477500 6.300000
20.485000 6.300000
20.492500 6.300000
20.500000 6.300000
20.507500 6.300000
20.515000 6.300000
20.522500 6.292500
20.530000 6.292500
20.537500 6.292500
20.545000 6.292500
20.552500 6.292500
20.560000 6.292500
20.567500 6.292500
20.575000 6.292500
20.582500 6.292500
20.590000 6.292500
20.597500 6.292500
20.605000 6.292500
20.612500 6.292500
20.620000 6.292500
20.627500 6.285000
20.635000 6.285000
20.642500 6.285000
20.650000 6.285000
20.657500 6.285000
20.665000 6.285000
20.672500 6.285000
20.680000 6.285000
20.687500 6.285000
20.695000 6.285000
20.702500 6.277500
20.710000 6.277500
20.717500 6.277500
20.725000 6.277500
20.732500 6.277500
20.740000 6.277500
20.747500 6.277500
20.755000 6.277500
20.762500 6.277500
20.770000 6.277500
20.777500 6.277500
20.785000 6.270000
20.792500 6.270000
20.800000 6.270000
20.807500 6.270000
20.815000 6.270000
20.822500 6.270000
20.830000 6.270000
20.837500 6.270000
20.845000 6.270000
20.852500 6.262500
20.860000 6.262500
20.867500 6.262500
20.875000 6.262500
20.882500 6.262500
20.890000 6.262500
20.897500 6.262500
20.905000 6.262500
20.912500 6.262500
20.920000 6.262500
20.927500 6.255000
20.935000 6.255000
20.942500 6.255000
20.950000 6.255000
20.957500 6.255000
20.965000 6.255000
20.972500 6.255000
20.980000 6.255000
20.987500 6.255000
20.995000 6.247500
21.002500 6.247500
21.010000 6.247500
21.017500 6.247500
21.025000 6.247500
21.032500 6.247500
21.040000 6.247500
21.047500 6.247500
21.055000 6.247500
21.062500 6.240000
21.070000 6.240000
21.077500 6.240000
21.085000 6.240000
21.092500 6.240000
21.100000 6.240000
21.107500 6.240000
21.115000 6.240000
21.122500 6.232500
21.130000 6.232500
21.137500 6.232500
21.145000 6.232500
21.152500 6.232500
21.160000 6.232500
21.167500 6.232500
21.175000 6.225000
21.182500 6.225000
21.190000 6.225000
21.197500 6.225000
21.205000 6.225000
21.212500 6.225000
21.220000 6.225000
21.227500 6.225000
21.235000 6.217500
21.242500 6.217500
21.250000 6.217500
21.257500 6.217500
21.265000 6.217500
21.272500 6.217500
21.280000 6.217500
21.287500 6.210000
21.295000 6.210000
21.302500 6.210000
21.310000 6.210000
21.317500 6.210000
21.325000 6.210000
21.332500 6.202500
21.340000 6.202500
21.347500 6.202500
21.355000 6.202500
21.362500 6.202500
21.370000 6.202500
21.377500 6.195000
21.385000 6.195000
21.392500 6.195000
21.400000 6.195000
21.407500 6.195000
21.415000 6.195000
21.422500 6.195000
21.430000 6.187500
21.437500 6.187500
21.445000 6.187500
21.452500 6.187500
21.460000 6.187500
21.467500 6.187500
21.475000 6.187500
21.482500 6.180000
21.490000 6.180000
21.497500 6.180000
21.505000 6.180000
21.512500 6.180000
21.520000 6.180000
21.527500 6.180000
21.535000 6.180000
21.542500 6.180000
21.550000 6.172500
21.557500 6.172500
21.565000 6.172500
21.572500 6.172500
21.580000 6.172500
21.587500 6.172500
21.595000 6.172500
21.602500 6.172500
21.610000 6.165000
21.617500 6.165000
21.625000 6.165000
21.632500 6.165000
21.640000 6.165000
21.647500 6.165000
21.655000 6.165000
21.662500 6.165000
21.670000 6.165000
21.677500 6.157500
21.685000 6.157500
21.692500 6.157500
21.700000 6.157500
21.707500 6.157500
21.715000 6.157500
21.722500 6.157500
21.730000 6.150000
21.737500 6.150000
21.745000 6.150000
21.752500 6.150000
21.760000 6.150000
21.767500 6.150000
21.775000 6.150000
21.782500 6.150000
21.790000 6.142500
21.797500 6.142500
21.805000 6.142500
21.812500 6.142500
21.820000 6.142500
21.827500 6.142500
21.835000 6.142500
21.842500 6.142500
21.850000 6.135000
21.857500 6.135000
21.865000 6.135000
21.872500 6.135000
21.880000 6.135000
21.887500 6.135000
21.895000 6.135000
21.902500 6.135000
21.910000 6.127500
21.917500 6.127500
21.925000 6.127500
21.932500 6.127500
21.940000 6.127500
21.947500 6.127500
21.955000 6.127500
21.962500 6.127500
21.970000 6.120000
21.977500 6.120000
21.985000 6.120000
21.992500 6.120000
22.000000 6.120000
22.007500 6.120000
22.015000 6.120000
22.022500 6.120000
22.030000 6.112500
22.037500 6.112500
22.045000 6.112500
22.052500 6.112500
22.060000 6.112500
22.067500 6.112500
22.075000 6.112500
22.082500 6.112500
22.090000 6.105000
22.097500 6.105000
22.105000 6.105000
22.112500 6.105000
22.120000 6.105000
22.127500 6.105000
22.135000 6.105000
22.142500 6.097500
22.150000 6.097500
22.157500 6.097500
22.165000 6.097500
22.172500 6.097500
22.180000 6.097500
22.187500 6.097500
22.195000 6.090000
22.202500 6.090000
22.210000 6.090000
22.217500 6.090000
22.225000 6.090000
22.232500 6.090000
22.240000 6.090000
22.247500 6.090000
22.255000 6.082500
22.262500 6.082500
22.270000 6.082500
22.277500 6.082500
22.285000 6.082500
22.292500 6.082500
22.300000 6.082500
22.307500 6.082500
22.315000 6.075000
22.322500 6.075000
22.330000 6.075000
22.337500 6.075000
22.345000 6.075000
22.352500 6.075000
22.360000 6.075000
22.367500 6.067500
22.375000 6.067500
22.382500 6.067500
22.390000 6.067500
22.397500 6.067500
22.405000 6.067500
22.412500 6.067500
22.420000 6.067500
22.427500 6.060000
22.435000 6.060000
22.442500 6.060000
22.450000 6.060000
22.457500 6.060000
22.465000 6.060000
22.472500 6.060000
22.480000 6.052500
22.487500 6.052500
22.495000 6.052500
22.502500 6.052500
22.510000 6.052500
22.517500 6.052500
22.525000 6.052500
22.532500 6.045000
22.540000 6.045000
22.547500 6.045000
22.555000 6.045000
22.562500 6.045000
22.570000 6.045000
22.577500 6.045000
22.585000 6.045000
22.592500 6.037500
22.600000 6.037500
22.607500 6.037500
22.615000 6.037500
22.622500 6.037500
22.630000 6.037500
22.637500 6.037500
22.645000 6.037500
22.652500 6.030000
22.660000 6.030000
22.667500 6.030000
22.675000 6.030000
22.682500 6.030000
22.690000 6.030000
22.697500 6.030000
22.705000 6.030000
22.712500 6.022500
22.720000 6.022500
22.727500 6.022500
22.735000 6.022500
22.742500 6.022500
22.750000 6.022500
22.757500 6.022500
22.765000 6.015000
22.772500 6.015000
22.780000 6.015000
22.787500 6.015000
22.795000 6.015000
22.802500 6.015000
22.810000 6.015000
22.817500 6.015000
22.825000 6.015000
22.832500 6.007500
22.840000 6.007500
22.847500 6.007500
22.855000 6.007500
22.862500 6.007500
22.870000 6.007500
22.877500 6.007500
22.885000 6.000000
22.892500 6.000000
22.900000 6.000000
22.907500 6.000000
22.915000 6.000000
22.922500 6.000000
22.930000 6.000000
22.937500 6.000000
22.945000 6.000000
22.952500 5.992500
22.960000 5.992500
22.967500 5.992500
22.975000 5.992500
22.982500 5.992500
22.990000 5.992500
22.997500 5.992500
23.005000 5.985000
23.012500 5.985000
23.020000 5.985000
23.027500 5.985000
23.035000 5.985000
23.042500 5.985000
23.050000 5.985000
23.057500 5.985000
23.065000 5.977500
23.072500 5.977500
23.080000 5.977500
23.087500 5.977500
23.095000 5.977500
23.102500 5.977500
23.110000 5.977500
23.117500 5.970000
23.125000 5.970000
23.132500 5.970000
23.140000 5.970000
23.147500 5.970000
23.155000 5.970000
23.162500 5.970000
23.170000 5.970000
23.177500 5.962500
23.185000 5.962500
23.192500 5.962500
23.200000 5.962500
23.207500 5.962500
23.215000 5.962500
23.222500 5.962500
23.230000 5.955000
23.237500 5.955000
23.245000 5.955000
23.252500 5.955000
23.260000 5.955000
23.267500 5.955000
23.275000 5.955000
23.282500 5.947500
23.290000 5.947500
23.297500 5.947500
23.305000 5.947500
23.312500 5.947500
23.320000 5.947500
23.327500 5.947500
23.335000 5.940000
23.342500 5.940000
23.350000 5.940000
23.357500 5.940000
23.365000 5.940000
23.372500 5.940000
23.380000 5.932500
23.387500 5.932500
23.395000 5.932500
23.402500 5.932500
23.410000 5.932500
23.417500 5.932500
23.425000 5.932500
23.432500 5.925000
23.440000 5.925000
23.447500 5.925000
23.455000 5.925000
23.462500 5.925000
23.470000 5.925000
23.477500 5.925000
23.485000 5.917500
23.492500 5.917500
23.500000 5.917500
23.507500 5.917500
23.515000 5.917500
23.522500 5.917500
23.530000 5.917500
23.537500 5.910000
23.545000 5.910000
23.552500 5.910000
23.560000 5.910000
23.567500 5.910000
23.575000 5.910000
23.582500 5.910000
23.590000 5.902500
23.597500 5.902500
23.605000 5.902500
23.612500 5.902500
23.620000 5.902500
23.627500 5.902500
23.635000 5.902500
23.642500 5.895000
23.650000 5.895000
23.657500 5.895000
23.665000 5.895000
23.672500 5.895000
23.680000 5.895000
23.687500 5.887500
23.695000 5.887500
23.702500 5.887500
23.710000 5.887500
23.717500 5.887500
23.725000 5.887500
23.732500 5.887500
23.740000 5.880000
23.747500 5.880000
23.755000 5.880000
23.762500 5.880000
23.770000 5.880000
23.777500 5.880000
23.785000 5.880000
23.792500 5.872500
23.800000 5.872500
23.807500 5.872500
23.815000 5.872500
23.822500 5.872500
23.830000 5.872500
23.837500 5.865000
23.845000 5.865000
23.852500 5.865000
23.860000 5.865000
23.867500 5.865000
23.875000 5.865000
23.882500 5.865000
23.890000 5.857500
23.897500 5.857500
23.905000 5.857500
23.912500 5.857500
23.920000 5.857500
23.927500 5.857500
23.935000 5.857500
23.942500 5.857500
23.950000 5.857500
23.957500 5.850000
23.965000 5.850000
23.972500 5.850000
23.980000 5.850000
23.987500 5.850000
23.995000 5.850000
24.002500 5.842500
24.010000 5.842500
24.017500 5.842500
24.025000 5.835000
24.032500 5.835000
24.040000 5.835000
24.047500 5.835000
24.055000 5.835000
24.062500 5.835000
24.070000 5.835000
24.077500 5.835000
24.085000 5.835000
24.092500 5.827500
24.100000 5.827500
24.107500 5.827500
24.115000 5.827500
24.122500 5.820000
24.130000 5.820000
24.137500 5.820000
24.145000 5.820000
24.152500 5.820000
24.160000 5.820000
24.167500 5.812500
24.175000 5.812500
24.182500 5.812500
24.190000 5.812500
24.197500 5.812500
24.205000 5.812500
24.212500 5.812500
24.220000 5.812500
24.227500 5.805000
24.235000 5.805000
24.242500 5.805000
24.250000 5.805000
24.257500 5.805000
24.265000 5.797500
24.272500 5.797500
24.280000 5.797500
24.287500 5.797500
24.295000 5.797500
24.302500 5.797500
24.310000 5.790000
24.317500 5.790000
24.325000 5.790000
24.332500 5.790000
24.340000 5.790000
24.347500 5.790000
24.355000 5.790000
24.362500 5.782500
24.370000 5.782500
24.377500 5.782500
24.385000 5.782500
24.392500 5.782500
24.400000 5.782500
24.407500 5.782500
24.415000 5.782500
24.422500 5.775000
24.430000 5.775000
24.437500 5.775000
24.445000 5.775000
24.452500 5.775000
24.460000 5.775000
24.467500 5.775000
24.475000 5.775000
24.482500 5.775000
24.490000 5.775000
24.497500 5.767500
24.505000 5.767500
24.512500 5.767500
24.520000 5.767500
24.527500 5.767500
24.535000 5.767500
24.542500 5.767500
24.550000 5.767500
24.557500 5.760000
24.565000 5.760000
24.572500 5.760000
24.580000 5.760000
24.587500 5.760000
24.595000 5.760000
24.602500 5.760000
24.610000 5.760000
24.617500 5.760000
24.625000 5.760000
24.632500 5.752500
24.640000 5.752500
24.647500 5.752500
24.655000 5.752500
24.662500 5.752500
24.670000 5.752500
24.677500 5.752500
24.685000 5.752500
24.692500 5.752500
24.700000 5.745000
24.707500 5.745000
24.715000 5.745000
24.722500 5.745000
24.730000 5.745000
24.737500 5.745000
24.745000 5.745000
24.752500 5.745000
24.760000 5.745000
24.767500 5.745000
24.775000 5.737500
24.782500 5.737500
24.790000 5.737500
24.797500 5.737500
24.805000 5.737500
24.812500 5.737500
24.820000 5.737500
24.827500 5.737500
24.835000 5.737500
24.842500 5.737500
24.850000 5.737500
24.857500 5.737500
24.865000 5.730000
24.872500 5.730000
24.880000 5.730000
24.887500 5.730000
24.895000 5.730000
24.902500 5.730000
24.910000 5.730000
24.917500 5.730000
24.925000 5.730000
24.932500 5.730000
24.940000 5.722500
24.947500 5.722500
24.955000 5.722500
24.962500 5.722500
24.970000 5.722500
24.977500 5.722500
24.985000 5.722500
24.992500 5.722500
