5.5068 174.6227
18.6387 171.0150
30.4719 164.3769
40.1404 164.5933
53.9218 166.4693
62.4359 170.2213
71.9601 169.1390
86.2465 174.4784
99.8835 177.2202
107.7891 175.8011
123.8224 174.5184
140.0161 182.0541
156.5304 186.5434
175.8506 186.6236
186.2750 186.4555
197.4791 185.3244
206.0438 188.7179
214.8778 186.5094
224.8603 188.6124
237.9952 188.7444
244.9257 186.6982
257.5326 189.0744
270.4695 183.8600
284.1325 176.4675
298.2176 170.0813
309.3747 159.9805
319.3434 158.1320
327.8597 158.4621
339.8089 163.1494
353.2105 161.8290
362.7290 157.9384
375.6976 157.8490
384.9097 160.8004
397.7889 169.8337
416.9288 174.8423
438.7518 177.7043
461.3797 182.4446
472.9173 186.7376
