9.3854 601.3756
54.4536 614.5623
85.6675 627.5820
114.7114 639.6001
147.9284 651.6183
164.0355 660.2952
180.7978 658.3611
201.9119 668.0317
216.9013 663.8411
253.1659 662.8740
285.8847 651.1082
310.0611 644.0164
357.9305 643.0494
376.6507 653.1670
396.2791 651.3826
413.5283 649.0034
429.7862 650.3913
449.6129 637.9004
465.2760 627.9871
483.1200 628.9784
505.1277 641.6675
526.7388 657.3306
542.2036 662.6838
561.4355 656.9341
579.8743 646.0294
593.6654 642.8994
616.3717 639.9052
641.0741 640.4042
664.5290 637.7843
691.4771 639.7804
718.4252 641.5271
743.1277 652.0069
760.3928 664.5381
776.3036 674.9289
793.0803 686.4019
807.0428 688.5667
827.9325 689.1079
850.6622 693.7620
873.7166 687.4843
910.8418 682.1415
939.0241 683.4835
960.4962 677.9812
986.9339 688.1805
1015.1161 692.6092
1041.8221 694.4880
1076.9466 713.1484
1211.6804 708.6213
1246.3878 703.6631
1275.2747 684.0459
