25.6248 590.0361
65.8984 595.3353
89.2147 608.6892
120.7977 612.2926
156.8319 614.2003
190.3226 622.4670
217.7364 635.2408
244.9624 624.3885
282.2793 607.8243
313.6940 592.0218
343.0145 578.3135
356.7227 577.5520
372.7156 574.3153
386.0431 579.0751
399.1802 580.4078
420.4162 584.1016
446.3143 582.9167
477.6290 584.6094
514.3603 585.2865
535.0111 593.9192
557.0161 597.1353
578.5132 597.8124
603.9035 588.6719
623.7079 580.7162
648.7640 575.5542
675.4693 572.8567
701.6352 573.6660
725.1035 579.0610
752.3484 584.9955
780.9420 594.1671
813.5818 599.2923
847.8402 613.0496
878.0523 628.1557
906.7656 640.2873
941.1345 663.1163
969.9844 682.9349
1001.3429 701.2483
1035.7119 717.5548
