303.1596 843.9327
366.9665 820.3518
403.9980 803.1189
438.9630 793.8882
497.1448 774.0280
558.1238 747.7343
619.6622 725.3567
685.3964 704.0980
717.8771 703.7379
762.7552 685.3142
807.6333 666.4181
851.0943 648.4669
890.3036 624.3744
914.1285 610.9422
958.7091 585.5700
991.2487 580.4095
1028.0887 580.9829
1064.3553 606.4985
1094.1713 625.4202
1134.2161 650.7983
1184.9119 676.0402
1242.3955 702.9790
1313.0303 732.4632
1353.0747 750.2012
1395.7486 768.3771
1447.1154 787.7384
1496.5065 805.5192
1546.2928 824.8806
1607.9329 847.4029
1673.9195 865.1837
1728.4473 879.4084
