10.0207 635.7520
73.2779 617.3413
132.0504 594.4460
185.3942 568.4822
227.0732 547.6535
266.6632 523.3368
304.6454 501.0297
338.8094 498.6181
381.4139 476.9140
418.5923 460.8368
462.0496 449.5379
503.8003 432.5199
552.5850 416.8634
591.1590 410.0563
618.8415 413.4598
639.9438 415.5020
667.8532 424.5782
687.9406 434.4717
716.8046 445.5080
746.1537 457.7570
772.5922 467.8230
802.0625 479.1018
821.1862 485.0471
852.6302 496.0521
887.5463 507.6908
919.2036 519.3295
943.5673 529.2612
965.6614 536.9956
1001.0979 548.4114
1033.4426 559.8272
1077.4409 570.5294
1123.5796 578.1400
1179.4693 588.3666
1231.0781 592.1718
1268.6550 597.6419
